;e. zeichnen 1.prg ==1001==
   10 rem*********************
   15 rem*                   *
   20 rem*    e. zeichnen    *
   25 rem*                   *
   30 rem*    elmar baer     *
   35 rem* starenschleife 59 *
   40 rem*    4700 hamm 1    *
   45 rem* tel. 02381/81959  *
   50 rem*                   *
   55 rem*      m.-teil      *
   60 rem*********************
   65 fort=8196to9177:reada:poket,a:b=b+a:next
   70 ifb<>111788thenprint"fehler":end
   75 print"lade den basic teil"
   76 data32,253,206,32,209,225,162,0,160,32,169,0,133,253,169,17,133,254,169
   77 data253,133,185,76,216,255,32,253,206,32,209,225,169,1,133,185,169,0
   78 data76,213,255,169,12,141,0,144,169,22,141,2,144,169,174,141,3,144,169
   79 data192,141,5,144,96,234,234,234,234,234,234,169,6,162,0,157,0,148,232
   80 data224,230,208,248,96,169,17,141,102,32,169,0,141,101,32,162,0,160,0
   81 data169,0,153,241,31,200,192,255,208,248,24,173,101,32,105,255,141,101
   82 data32,173,102,32,105,0,141,102,32,232,224,15,208,222,96,234,234,234
   83 data234,234,234,96,169,128,44,169,0,133,151,32,253,206,32,158,215,224
   84 data168,176,238,134,20,32,253,206,32,158,215,224,176,176,226,138,74,74
   85 data74,74,10,168,185,14,33,141,107,33,185,15,33,141,108,33,138,41,15
   86 data24,109,107,33,141,107,33,169,0,141,106,33,165,20,41,248,10,141,105
   87 data33,144,4,238,106,33,24,169,0,109,107,33,133,253,169,17,109,108,33
   88 data133,254,24,165,253,109,105,33,133,253,165,254,109,106,33,133,254
   89 data165,20,41,7,73,7,170,189,36,33,160,0,36,151,16,5,73,255,49,253,44
   90 data17,253,145,253,96,0,0,80,1,160,2,240,3,64,5,144,6,224,7,48,9,128
   91 data10,208,11,32,13,1,2,4,8,16,32,64,128,169,151,141,3,144,169,21,141
   92 data2,144,169,204,141,5,144,169,14,141,0,144,162,16,138,157,240,15,169
   93 data6,157,240,147,232,208,244,96,162,3,32,198,255,32,207,255,32,210,255
   94 data208,248,169,13,32,210,255,76,204,255,234,234,234,234,234,160,0,47
   95 data13,234,234,234,234,234,234,234,234,169,127,141,34,145,173,32,145
   96 data41,128,133,251,169,255,141,34,145,173,31,145,41,28,24,101,251,133
   97 data251,173,31,145,41,32,133,252,96,173,141,2,201,0,240,2,96,234,166
   98 data251,160,0,224,28,240,63,224,140,240,69,224,136,240,23,224,132,240
   99 data27,160,1,224,152,240,55,224,148,240,41,224,24,240,29,224,20,240,17
  100 data96,32,242,33,160,1,76,242,33,32,242,33,160,1,76,232,33,32,232,33
  101 data160,0,76,232,33,32,242,33,160,0,76,232,33,24,185,60,3,101,255,153
  102 data60,3,96,185,60,3,229,255,153,60,3,96,72,138,72,152,72,32,28,34,76
  103 data178,254,169,10,141,14,144,169,192,141,12,144,170,168,136,208,253
  104 data202,208,250,142,14,144,96,216,160,0,162,17,181,0,148,0,72,202,16
  105 data248,173,5,144,170,41,7,10,10,10,133,8,138,41,8,208,1,56,102,8,173
  106 data2,144,168,41,127,133,9,152,41,128,240,1,56,138,41,112,144,2,9,8,74
  107 data133,17,138,41,128,208,1,56,102,17,173,3,144,41,127,74,38,12,240,1
  108 data10,10,10,10,133,10,169,128,133,2,32,6,34,32,159,255,165,197,201,56
  109 data240,25,201,0,240,21,201,15,240,14,201,62,208,235,169,173,141,24,3
  110 data169,254,141,25,3,76,197,35,133,13,32,6,34,32,159,255,169,60,234,234
  111 data234,234,234,234,234,234,133,11,24,169,4,170,160,255,32,186,255,169
  112 data0,133,198,32,189,255,32,192,255,162,4,32,201,255,176,207,169,8,32
  113 data210,255,169,13,32,210,255,24,165,9,133,7,165,3,101,0,133,5,197,10
  114 data144,4,169,0,240,92,166,12,240,1,74,74,74,74,133,6,169,0,133,15,133
  115 data16,162,8,70,7,144,3,24,101,6,106,102,15,202,208,243,24,101,17,133
  116 data16,24,165,1,101,15,133,15,138,101,16,133,16,161,15,133,15,134,16
  117 data24,169,3,101,12,168,138,70,5,106,6,15,38,16,136,208,246,164,12,208
  118 data1,74,74,74,74,74,101,15,133,15,165,8,101,16,133,16,161,15,24,36,2
  119 data240,1,56,102,4,230,3,160,6,196,3,176,58,134,3,165,4,166,13,240,22
  120 data24,169,4,101,14,170,70,4,8,106,40,106,202,208,247,166,14,208,3,70
  121 data4,106,162,4,228,11,208,2,73,255,56,106,133,4,32,210,255,166,13,240
  122 data5,165,4,32,210,255,70,2,176,3,76,205,34,102,2,230,1,165,9,197,1,208
  123 data243,160,0,132,1,169,13,32,210,255,165,13,240,14,165,14,208,6,169
  124 data4,133,14,208,220,169,0,133,14,24,165,0,105,7,133,0,165,5,197,10,144
  125 data203,169,15,32,210,255,169,13,32,210,255,32,204,255,169,4,32,195,255
  126 data162,0,134,198,104,149,0,232,224,18,48,248,96

