;irq-clock vc 20.prg ==1001==
  100 rem ************************
  110 rem * irq-clock by c.sauer *
  120 rem ************************
  130 rem
  140 rem
  150 rem #######################
  160 rem ## nur fuer speicher ##
  170 rem ## groesser 8 kbyte  ##
  180 rem #######################
  190 fort=0to279:readd:s=s+d:next
  200 ifs<>32965thenprint"fehler in datas":end
  210 print"{clr}{down}{down}wo soll das programm"
  220 print"{down}abgespeichert werden?"
  230 v=peek(56)*256-512
  240 print"{down}vorschlag: "v;
  250 input"{left}{left}{left}{left}{left}{left}{left}{left}";v
  260 w2=int(v/256):w1=v-w2*256
  270 poke55,w1:poke56,w2
  280 restore
  290 fort=vtov+279
  300 readd
  310 if d<0thengosub330
  320 poket,d:next:sysv:end
  330 onabs(d)goto340,350,360,370,380
  340 d=w2:return
  350 d=w2+1:return
  360 d=w1+208:return
  370 d=w1+60:return
  380 d=w1+10:return
  390 data032,-03,-01,173,003
  400 data144,041,128,009,050
  410 data141,003,144,162,044
  420 data169,160,157,249,017
  430 data173,015,144,041,007
  440 data157,249,149,202,208
  450 data240,162,008,173,134
  460 data002,157,022,150,202
  470 data208,250,120,169,-04
  480 data141,020,003,169,-01
  490 data141,021,003,088,032
  500 data089,198,076,116,196
  510 data162,005,181,097,157
  520 data073,003,202,208,248
  530 data162,011,189,254,000
  540 data157,084,003,202,208
  550 data247,165,113,141,097
  560 data003,165,071,141,098
  570 data003,165,093,141,099
  580 data003,165,094,141,100
  590 data003,165,162,166,161
  600 data164,160,032,135,207
  610 data132,094,136,132,113
  620 data160,006,132,093,160
  630 data036,032,104,222,169
  640 data023,133,169,169,018
  650 data133,170,160,000,162
  660 data002,185,255,000,145
  670 data169,200,192,006,240
  680 data018,202,208,243,169
  690 data058,145,169,136,230
  700 data169,208,002,230,170
  710 data162,003,208,233,162
  720 data005,189,073,003,149
  730 data097,202,208,248,162
  740 data011,189,084,003,157
  750 data254,000,202,208,247
  760 data173,097,003,133,113
  770 data173,098,003,133,071
  780 data173,099,003,133,093
  790 data173,100,003,133,094
  800 data076,191,234,166,045
  810 data134,090,164,046,132
  820 data091,032,-05,-02,134
  830 data088,134,045,132,089
  840 data132,046,166,043,134
  850 data095,164,044,132,096
  860 data032,-05,-02,134,043
  870 data134,166,132,044,132
  880 data167,032,184,195,032
  890 data051,197,165,166,208
  900 data002,198,167,198,166
  910 data169,000,168,145,166
  920 data096,132,168,024,138
  930 data105,049,170,165,168
  940 data105,000,168,096,000

