

;hypra.zusatz.prg ==0801==
 8300 rem **** old-routine *****
 8301 data62777,65,7309
 8302 data165,43,164,44,133,34,132,35,160,3,200,177,34,208,251,200,152,24,101,34
 8303 data160,0,145,43,165,35,105,0,200,145,43,136,162,3,230,34,208,2,230,35,177
 8304 data34,208,244,202,208,243,165,34,105,2,133,45,165,35,105,0,133,46
 8305 data32,96,166,76,116,164
 8306 rem *** status-routine ***
 8307 data62843,51,6757
 8308 data169,0,133,144,169,1,162,8,160,111,32,186,255,169,0,32,189,255,32,192,255
 8309 data169,8,32,180,255,169,111,32,150,255,32,165,255,32,210,255,36,144,80,246
 8310 data169,8,32,171,255,169,1,32,195,255
 8350 rem *** block 17: $e49b-$e4a2
 8351 data58523,8,554
 8352 data72,89,80,82,65,45,76,45
 8355 rem *** block 17 ueberschreibt ***
 8356 rem *** 64k ram-system in      ***
 8357 rem *** hypra-l-system          ***
 9000 data0
 9010 rem ******  ende  ******

