;bildspeicher.prg ==0801==
  100 rem    **********************
  110 rem    *                    *
  120 rem    *   bildspeicher     *
  130 rem    *                    *
  140 rem    *   h.h.hagedorn     *
  150 rem    *                    *
  160 rem    *   rupprechtstr.30  *
  170 rem    *                    *
  180 rem    *   83 landshut      *
  190 rem    *                    *
  200 rem    *   tel. 0871/67337  *
  210 rem    *                    *
  220 rem    **********************
  230 :
  240 print"{clr}":print:print
  250 print"     {rvon}bildspeicher-position "
  260 print:print"   normal-basic = $9e00   (1)"
  265 print:print"   simons-basic = $7e00   (2)"
  270 print:print"   gesch.bereich= $c000   (3)"
  275 print:print"   page-adresse eingeben (>7)"
  280 print:print tab(25):input l
  290 if l=1 then l=158
  300 if l=2 then l=126
  305 if l=3 then l=192
  310 if l>7 and l<255 then d=158-l:goto 320
  315 print"???":goto 280
  320 poke2,d+100:poke780,l:if l<161 then poke 56,l:poke55,0
  325 clr:i=peek(780)*256:j=i
  330 read a:ifa>=0then poke i,a:i=i+1:s=s+a:goto330
  340 if s<>51530 then print"datenfehler",s:end
  345 print"programmdaten ok":s=0:d=peek(2)-100:if d=0 then 380
  350 read p:if p>=0 then a=j+p:pokea,peek(a)-d:s=s+p:goto350
  360 ifs<>8737 then print"blockkorrekturfehler",s:end
  370 print:print"blockkorrektur ok"
  380 print:print"basisadresse = ";j
  385 for i=0 to 3:sys j,i,0,0,40,25:next
  390 data 076,009,158,076,087,158,076,091
  400 data 158,032,110,158,224,004,176,066
  410 data 142,163,159,032,110,158,224,040
  420 data 176,056,142,159,159,032,110,158
  430 data 224,025,176,046,142,160,159,032
  440 data 110,158,224,000,240,036,024,138
  450 data 109,159,159,201,041,176,027,202
  460 data 142,161,159,032,110,158,224,000
  470 data 240,016,024,138,109,160,159,201
  480 data 026,176,007,142,162,159,032,116
  490 data 158,096,162,014,076,058,164,169
  500 data 000,240,002,169,255,141,166,159
  510 data 032,110,158,224,004,176,235,142
  520 data 163,159,032,197,158,096,032,253
  530 data 174,076,158,183,032,005,159,032
  540 data 076,159,160,003,185,159,159,145
  550 data 091,136,016,248,024,165,091,105
  560 data 004,133,091,174,162,159,172,161
  570 data 159,177,087,145,091,177,089,145
  580 data 093,136,016,245,032,112,159,202
  590 data 208,236,096,172,161,159,177,087
  600 data 072,177,091,145,087,104,145,091
  610 data 177,089,072,177,093,145,089,104
  620 data 145,093,136,016,233,032,112,159
  630 data 202,208,224,240,059,120,165,001
  640 data 072,169,053,133,001,032,076,159
  650 data 160,003,177,091,153,159,159,136
  660 data 016,248,032,005,159,024,169,004
  670 data 101,091,133,091,174,162,159,173
  680 data 166,159,208,183,172,161,159,177
  690 data 091,145,087,177,093,145,089,136
  700 data 016,245,032,112,159,202,208,236
  710 data 104,133,001,088,096,032,067,159
  720 data 024,172,160,159,240,016,173,164
  730 data 159,105,040,141,164,159,144,003
  740 data 238,165,159,136,208,240,024,173
  750 data 164,159,109,159,159,141,164,159
  760 data 133,087,133,089,144,003,238,165
  770 data 159,024,173,136,002,109,165,159
  780 data 133,088,024,169,216,109,165,159
  790 data 133,090,096,169,000,141,164,159
  800 data 141,165,159,096,169,000,133,091
  810 data 133,093,169,224,133,092,169,228
  820 data 133,094,174,163,159,240,016,024
  830 data 160,008,152,101,092,133,092,152
  840 data 101,094,133,094,202,208,243,096
  850 data 024,169,040,101,087,133,087,144
  860 data 002,230,088,024,169,040,101,089
  870 data 133,089,144,002,230,090,056,173
  880 data 161,159,101,091,133,091,144,002
  890 data 230,092,056,173,161,159,101,093
  900 data 133,093,144,002,230,094,096,000
  905 data -1
  910 rem korrekturtabelle
  920 :
  930 data 002,005,008,011,018,021
  940 data 028,031,038,041,050,058
  950 data 061,070,077,080,095,098
  960 data 105,108,118,121,126,141
  970 data 144,158,165,191,207,214
  980 data 220,230,233,238,252,263
  990 data 267,272,277,282,289,292
 1000 data 295,304,311,319,327,330
 1010 data 348,393,405,-1

