;mouse 64.prg ==0801==
    0 rem  **********************
    1 rem  *      mouse 64      *
    2 rem  *                    *
    3 rem  *      1984  by      *
    4 rem  *                    *
    5 rem  *    peter dreuw     *
    6 rem  * mennrathschmidt 27 *
    7 rem  *                    *
    8 rem  * moenchengladbach 5 *
    9 rem  *                    *
   10 rem **********************
   20 data0,0,0,0,0,0,0,0,0,0,0,0,0,0,0,0
   30 data48,0,0,120,0,0,252,0,0,252,0,1,254,0,1,254
   40 data0,0,252,0,0,48,0,0,16,0,0,16,0,0,32,0
   50 data0,64,0,0,0,0,0,0,0,0,0,0,0,0,0,0
   60 fori=704to767:readq:pokei,q:s=s+q:next
   70 ifs<>1610thenprint"mouse-data's falsch":end
   80 print"mouse-data ok":s=0
   85 rem prg-data
   90 fori=49152to49555:readq:pokei,q:s=s+q:next
   91 data160,231,185,117,191,32,210,255,200,208,247,160,238,185,134,191,32
   92 data210,255,200,208,247,165,198,201,0,240,250,169,0,133,198,120,169,137
   93 data141,20,3,169,192,141,21,3,169,17,141,14,208,169,45,141,15,208,173
   94 data21,208,9,128,141,21,208,173,27,208,41,127,141,27,208,173,28,208,41
   95 data127,141,28,208,169,0,141,46,208,169,11,141,255,7,88,96,0,0,255,80
   96 data85,84,32,74,79,89,83,84,73,67,75,32,73,78,32,80,79,82,84,32,50,32
   97 data33,13,65,78,68,32,80,82,69,83,83,32,65,78,89,32,75,69,89,0,0,0,162
   98 data224,142,2,220,173,0,220,162,255,142,2,220,141,255,193,41,1,208,10
   99 data173,15,208,201,45,144,3,206,15,208,173,255,193,41,2,208,10,169,236
  100 data205,15,208,144,3,238,15,208,173,255,193,41,4,208,41,173,16,208,201
  101 data128,144,24,173,14,208,240,5,206,14,208,208,24,173,16,208,41,127,141
  102 data16,208,206,14,208,76,232,192,173,14,208,201,18,144,3,206,14,208,173
  103 data255,193,41,8,208,33,173,16,208,201,128,144,13,173,14,208,201,72,240
  104 data19,238,14,208,76,16,193,238,14,208,208,8,173,16,208,9,128,141,16
  105 data208,162,0,173,255,193,41,16,208,1,232,142,254,193,173,23,208,41,127
  106 data141,23,208,173,29,208,41,127,141,29,208,173,15,208,160,255,56,200
  107 data233,8,176,251,152,233,4,168,140,253,193,173,16,208,201,128,144,20
  108 data173,14,208,162,255,232,233,8,176,251,138,105,30,170,142,252,193,76
  109 data108,193,56,173,14,208,162,255,232,233,8,176,251,138,233,1,170,142
  110 data252,193,169,4,133,252,234,134,251,192,0,240,16,24,169,40,101,251
  111 data133,251,165,252,105,0,133,252,136,208,240,177,251,141,251,193,165
  112 data252,76,49,234,0,0,0
  120 ifs<>52007thenprint"prg-data's falsch":end
  130 print"prg-data ok"
  140 print"press any key to start
  150 poke198,0:wait198,1
  160 sys49152

