;tastendruck.prg ==0801==
    0 poke53280,0:poke53281,0:print"{clr}"
    1 print"***************************
    2 print"**                       **
    3 print"**     basic-befehle     **
    4 print"**    auf tastendruck    **
    5 print"**  +12 funktionstasten  **
    6 print"**                       **
    7 print"**      k. russell       **
    8 print"**      luisenstr.28     **
    9 print"**      5100 aachen      **
   10 print"**                       **
   11 print"***************************
   20 :
   30 a=49152:e=49659:print:print
   40 print"bitte etwas geduld: ich lese daten!
   60 fori=atoe:readx:s=s+x:pokei,x:next
   70 ifs<>60722thenprint"data error":end
   80 fori=49660to49771:pokei,0:next
   90 sys49152 : rem initialisierung
  100 print"{clr}die funktionstasten sind jetzt 3-fach   belegbar mit:
  110 print"{down}      !key #,"chr$(34)"kommando"chr$(34)
  120 print"{down}ein anschliessendes return ist mit "chr$(34)"\"chr$(34)
  130 print"als letztem zeichen des kommandos zu er-reichen.
  140 print"{down}das kommando darf maximal 9 zeichen um- fassen.
  150 print"{down}!display zeigt die belegung der f-tastenan.
  160 print"{down}die meisten basic-befehle sind mit      <ctrl> + anfangsbuchstabe ";
  170 print"des befehls   abrufbar.
  190 :
  200 data169,20,141,8,3,162,192,142,9,3,232,142,144,2,169,29,141,143,2,96
  201 data32,115,0,201,33,240,6,32,121,0,76,231,167,162,0,32,115,0,201,75,240
  202 data7,201,68,240,121,76,8,175,32,115,0,221,237,193,208,245,232,224,2
  203 data208,243,32,115,0,32,158,183,224,0,208,5,162,14,108,0,3,224,13,16
  204 data247,189,239,193,133,251,169,194,133,252,234,234,234,32,253,174,201
  205 data34,240,5,162,22,108,0,3,160,255,200,192,9,16,29,32,115,0,201,34,240
  206 data39,201,39,240,11,201,92,208,9,169,13,145,251,76,141,192,169,34,145
  207 data251,76,107,192,32,115,0,201,34,240,5,162,23,108,0,3,192,8,16,5,200
  208 data169,0,145,251,162,128,108,0,3,32,115,0,221,226,193,208,136,232,224
  209 data6,208,243,169,223,160,193,32,30,171,169,1,72,169,235,160,193,32,30
  210 data171,104,170,201,10,48,9,169,49,32,210,255,138,56,233,10,24,105,48
  211 data32,210,255,169,44,32,210,255,169,34,32,210,255,189,239,193,24,105
  212 data0,133,251,169,0,168,105,194,133,252,177,251,240,20,201,34,208,2,169
  213 data39,201,13,208,2,169,92,32,210,255,200,192,9,208,232,169,34,32,210
  214 data255,169,13,32,210,255,232,138,201,13,208,162,240,133,173,141,2,201
  215 data4,240,79,162,3,228,203,240,8,232,224,7,208,247,76,72,235,228,197
  216 data240,249,134,197,201,3,16,52,201,0,240,12,232,232,232,232,201,1,240
  217 data4,232,232,232,232,216,169,0,224,3,240,8,24,105,9,202,224,3,208,248
  218 data170,160,0,200,189,0,194,153,118,2,201,0,240,5,232,192,9,48,240,132
  219 data198,76,66,235,162,2,228,203,240,7,232,224,51,208,247,240,175,189
  220 data171,193,240,170,228,197,240,166,134,197,170,160,255,202,240,8,200
  221 data185,158,160,16,250,48,245,200,185,158,160,48,6,157,119,2,232,208
  222 data244,56,233,128,76,60,235,255,255,27,21,11,28,20,62,0,19,55,0,14,42
  223 data1,0,0,15,4,0,33,2,37,67,0,31,10,0,13,40,56,70,0,6,8,0,75,74,32,3
  224 data64,24,73,63,39,54,27,36,65,59,61,255,147,33,68,73,83,80,76,65,89
  225 data13,13,0,33,75,69,89,0,9,45,18,54,27,63,0,36,81,90,99,72

