;speichertransf.prg ==0801==
;Eingetippt von Endurion
   10 for i=32768 to 32947
   20 read x:poke i,x: s=s+x: next
   30 data 162,  0,189,  0,176,157,  0,192,232,208,247,162,  0,189,  0,177,157
   40 data   0,193,232,208,247,162,  0,189,  0,178,157,  0,194,232,208,247,162
   50 data   0,189,  0,179,157,  0,195,232,208,247,162,  0,189,  0,180,157,  0
   60 data 196,232,208,247,162,  0,189,  0,181,157,  0,197,232,208,247,162,  0
   70 data 189,  0,182,157,  0,198,232,208,247,162,  0,189,  0,183,157,  0,199
   80 data 232,208,247,162,  0,189,  0,184,157,  0,200,232,208,247,162,  0,189
   90 data   0,185,157,  0,201,232,208,247,162,  0,189,  0,186,157,  0,202,232
  100 data 208,247,162,  0,189,  0,187,157,  0,203,232,208,247,162,  0,189,  0
  110 data 188,157,  0,204,232,208,247,162,  0,189,  0,189,157,  0,205,232,208
  120 data 247,162,  0,189,  0,190,157,  0,206,232,208,247,162,  0,189,  0,191
  130 data 157,  0,207,232,208,247, 76,  0,192,247
  140 if s<>    25763 then print "data-fehler !": end
  150 poke 34144,76:poke 34145,0:poke 34146,160
  160 print "o.k."

