;zloader-aender.prg ==0801==
;Eingetippt von Endurion
 8500 data"{$a0}",0,0,0,24,0,0,0,0, 32 ,0,0,0,0,0,0,0
 8502 data"{CBM-K}",0,112,34,38,34,112,0,0,27, 53,0,0,0,0,0,0
 8504 data"{CBM-I}",102,0,102,102,102,102,60,0,93,0,0,0,0,0,0,0
 8506 data"{CBM-T}",102,0,60,6,62,102,62,0,123,0 ,0,0,0,0,0,0
 8508 data"{CBM-@}",999, 241 ,0,0,0,0,0,0,0
 8510 data"{CBM-G}",0,12,74 ,106,74,12,0,0,27 ,69,0,0,0,0,0,0
 8512 data"{CBM-+}",60,54,60,54,60,48,96,0,126,000,000,000,000,000,0,0
 8514 data"{CBM-M}",0,224,178,230,178,224,0,0, 27,87,48,0,0,0,0,0
 8516 data"{CBM-POUND}",999,168,0,0,0,0,0,0,0
 8518 data"{SHIFT-POUND}",60,66,153,161,161,153,66,60,203 ,0,0,0,0,0,0,0
 8520 data"{CBM-N}",0,28,150,220,150,28,0,0, 27 ,87,49,0,0,0,0,0
 8522 data"{CBM-Q}",999, 244 ,0,0,0,0,0,0,0
 8524 data"{CBM-D}",0,0,124,56,16,0,0,0, 32,0,0,0,0,0,0,0
 8526 data"{CBM-Z}",999, 246 ,0,0,0,0,0,0,0
 8528 data"{CBM-S}",999, 242 ,0,0,0,0,0,0,0
 8530 data"{CBM-P}",12,26,24,44,24,88,48,0,64,0,000,000,000,000,0,0
 8532 data"{CBM-A}",999, 240 ,0,0,0,0,0,0,0
 8534 data"{CBM-E}",102,0,60,102,102,102,60,0,124,000,000,000,000,000,0,0
 8536 data"{CBM-R}",102,60,102,102,102,102,60,0,92,000,000,000,000,000,0,0
 8538 data"{CBM-W}",999, 249,0,0,0,0,0,0,0
 8540 data"{CBM-H}",0,96 ,82 ,86 ,82 ,96,0,0, 27  ,70,0,0,0,0,0,0
 8542 data"{CBM-J}",0,28,136,200,136,28,0,0, 27 ,52,0,0,0,0,0,0
 8544 data"{CBM-L}",102,102,102,0,0,0,0,0,34,0,0,0,0,0,0,0
 8546 data"{CBM-Y}",102,24,60,102,126,102,102,0,91,000,000,000,000,000,0,0
 8548 data"{CBM-U}",102,0,102,102,102,102,59,0,125,000,000,000,000,000,0,0
 8550 data"{CBM-O}",999,185,0,0,0,0,0,0,0
 8552 data"{SHIFT-@}",999, 186 ,0,0,0,0,0,0,0
 8554 data"{CBM-F}",0,16,48,112,48,16,0,0, 32  ,0,0,0,0,0,0,0
 8556 data"{CBM-C}",0,18,146,210,146,12,0,0, 27 ,45,49,0,0,0,0,0
 8558 data"{CBM-X}",999, 189 ,0,0,0,0,0,0,0
 8560 data"{CBM-V}",0,144,146,150,146,96,0,0,27 ,45,48,0,0,0,0,0
 8562 data"{CBM-B}",999, 191 ,0,0,0,0,0,0,0
 8564 data"{SHIFT-*}",999, 241 ,0,0,0,0,0,0,0

