

;grafik-80 demo.prg ==0801==
   10 fast
   20 bank15
   30 bload"graphik-80.m"
   40 :
   50 sys dec("1303")
   60 :
   90 graphic 6,1
  100 circle,320,100,250,99,70,260
  110 box, 145,100, 115,110, 160, 1
  112 box, 145,100, 115,110,  70, 1
  120 circle ,110,45,40,15,1
  130 circle,500,40,37,17,,,,45
  140 circle,350,100, 160,60, 145,220
  150 draw 1, 300,50 to 300,110 to 400,120 to 300,50
  160 circle0,320,100,250,99,70,260
  170 circle,320,100,250,99,70,260
  182 paint ,320,90
  184 circle, 130,85, 200,80, 330,10
  186 circle, 509,85, 200,80, 330,10
  188 circle, 110,0, 100,55, 158,202
  189 circle, 490,0,  97,50, 155,190
  190 get q$: if q$<>"" then 200
  192 circle1, 340,196, 160,63, 325,40
  193 for i=1 to 500: next
  194 circle0, 340,196, 160,63, 325,40
  195 for i=1 to 500: next
  196 goto190
  200 graphic 5
  220 end

