;! lader.prg ==0801==
10 fori=49162to49495:reada:pokei,a:s=s+a
20 next:ifs<>35775thenprint"fehler in datas":stop
30 print"{clr}bitte legen sie eine neue diskette ein. {down}diskette wird formatiert !"
40 geta$:ifa$=""then40
50 open1,8,15,"n0:menu,mn":close1
60 print"{clr}{down}{down}{down}poke43,0:poke44,192:poke45,90:poke46,193"
70 print"{down}{down}save"chr$(34)"!"chr$(34)",8"
80 print"{home}";
90 fori=631to641:pokei,13:next:poke198,10
100 data165,43,133,57,165,44,133,58,169,13,32,210,255,160,0,177,57,133,59,200
110 data177,57,133,60,200,177,57,170,200,177,57,32,205,189,160,3,200,177,57
120 data240,5,32,210,255,208,246,165,59,133,57,165,60,133,58,160,1,177,57,240
130 data23,169,27,133,211,169,0,166,251,32,205,189,230,251,230,253,165,253
140 data201,21,144,183,169,128,133,254,169,13,32,210,255,162,0,32,207,255,157
150 data64,3,232,201,13,208,245,202,202,189,64,3,201,43,208,12,169,0,133,253
160 data36,254,48,144,133,251,16,132,201,76,208,6,169,0,133,252,240,8,201,65
170 data208,208,169,128,133,252,202,189,64,3,41,15,133,251,202,48,16,189,64
180 data3,41,15,170,24,165,251,105,10,133,251,202,208,247,166,251,24,165,43
190 data105,35,133,57,165,44,133,58,202,240,111,24,165,57,105,32,133,57,144
200 data244,230,58,176,240,36,2,2,2,2,2,2,2,2,2,2,2,2,2,2,2,2,2,2,2,2,2,2,2
210 data2,2,2,2,2,2,2,2,2,2,2,2,2,2,2,2,2,2,2,2,2,2,2,2,2,2,2,169,1,162,208
220 data160,1,32,189,255,162,8,160,0,32,186,255,152,133,253,133,251,166,43
230 data164,44,32,213,255,32,51,165,76,10,1,160,0,177,57,201,34,240,3,200,208
240 data247,152,96,32,37,2,56,101,57,133,57,32,37,2,166,57,164,58,32,189,255
250 data169,1,162,8,160,0,132,10,36,252,16,2,160,1,32,186,255,76,111,225