;s-grafik.prg ==0801==
;Eingetippt von Martin Thierer
   10 rem**********************************
   20 rem*            s-grafik            *
   30 rem*      frederic espitalier       *
   40 rem**********************************
   50 fora=49152to49568:readx:pokea,x
   60 c=c+x:nexta
   70 if c<>52597thenprint"fehler in datas":stop
   80 sys49547
  100 data32,253,174,32,158,183,224,96,48,6,162,14,32,55,164,96,142,159,193,32
  110 data253,174,32,158,183,224,42,16,237,142,160,193,162,0,173,159,193,201
  120 data24,48,6,56,233,24,232,208,246,141,159,193,169,8,133,188,189,155,193
  130 data133,187,173,160,193,201,21,48,11,230,188,173,160,193,56,233,21,141
  140 data160,193,173,159,193,162,0,201,7,48,8,240,6,56,233,8,232,208,244,41,7
  150 data73,7,168,169,1,136,48,3,10,208,250,141,161,193,173,160,193,240,8,10
  160 data24,109,160,193,141,160,193,138,24,109,160,193,24,101,187,133,187,96
  170 data32,0,192,173,161,193,160,0,17,187,145,187,96,32,253,174,32,158,183
  180 data224,2,48,3,76,10,192,224,1,240,226,32,0,192,173,161,193,73,255,160,0
  190 data49,187,145,187,96,169,0,162,0,157,0,8,157,0,9,232,208,247,96,32,253
  200 data174,32,158,183,138,162,8,157,38,208,202,208,250,96,160,39,162,8,152
  210 data157,247,7,136,202,208,248,32,253,174,32,158,183,142,159,193,32,253
  220 data174,32,158,183,142,160,193,32,253,174,32,158,183,224,2,48,3,76,10
  230 data192,189,149,193,141,29,208,169,34,141,162,193,189,151,193,141,161
  240 data193,162,0,142,16,208,173,159,193,157,0,208,157,8,208,224,6,240,28,24
  250 data109,161,193,205,159,193,176,11,72,173,16,208,13,162,193,141,16,208
  260 data104,232,232,14,162,193,76,21,193,32,253,174,32,158,183,224,2,48,3,76
  270 data10,192,189,149,193,141,23,208,173,160,193,141,1,208,141,3,208,141,5
  280 data208,141,7,208,24,125,153,193,141,9,208,141,11,208,141,13,208,141,15
  290 data208,169,255,141,21,208,96,169,0,162,0,189,0,8,73,255,157,0,8,189,0,9
  300 data73,255,157,0,9,232,208,237,96,169,10,133,44,141,130,2,76,148,227,0
  310 data255,24,48,21,42,0,64,128,192,234,0

