

;spion a.prg ==1001==
  100 rem*spion*axel*blau*
  110 rem*hemmerdenerw.14*
  120 rem*     gv 2      *
  130 printchr$(147)"{down} {blk}n{wht}u{red}r {cyn}g{pur}e{grn}d{blu}u{yel}l{wht}d":poke36879,238
  140 poke36878,13:fort=0to767:z=peek(32768+t):poke7168+t,z:next
  150 fort=0to615:readz%:poke7168+t,z%:a=a+z%:poke36875,z%:next:poke36878,0
  160 ifa<>70723thenprint"{clr}data fehler!":end
  170 data3,7,15,24,9,15,6,3,192,224,240,24,144,240,96,192,7,25,61,55,118,111,126,63
  180 data224,152,188,236,238,246,254,252,26,27,22,31,30,31,30,15
  190 data216,216,232,248,248,248,248,240,3,7,15,31,8,12,6,3,192,224,240,248,16,48,96,192
  200 data15,31,63,63,127,123,127,63,240,248,252,252,254,222,254,252
  210 data47,31,31,31,31,30,29,15,244,248,248,248,248,120,184,240,1,7,15,24,9,15,6,1
  220 data224,240,248,192,224,240,224,192,7,2,3,3,6,7,15,14
  230 data224,224,192,224,224,112,112,240,13,13,14,15,15,15,11,7
  240 data240,160,96,224,224,240,240,224,7,15,31,3,7,15,7,3,128,224,240,24,144,240,96,128
  250 data7,7,3,7,7,14,14,15,224,64,192,192,96,224,240,112,15,5,6,7,7,15,15,7
  260 data176,176,112,240,240,240,208,224,3,7,7,15,13,15,7,3
  270 data192,224,224,240,176,240,224,192,3,7,7,15,15,15,7,3
  280 data192,224,224,240,240,240,224,192,3,7,7,7,11,31,31,11
  290 data128,192,192,224,224,224,192,128,1,3,3,7,7,7,3,1,9,9,8,12,15,,,
  300 data,,,,,,,,248,24,8,200,8,8,136,8,192,224,224,224,208,248,248,208,8,200,8,24,248,,,
  310 data255,255,240,192,192,192,192,192,255,255,15,3,3,3,3,3
  320 data128,128,128,128,128,128,128,128,3,3,3,3,3,3,3,3,51,51,51,3,3,3,3,3
  330 data255,255,192,192,192,192,192,192,255,255,128,128,128,128,128,128
  340 data191,179,179,179,191,191,191,191,192,192,192,192,192,192,192,192
  350 data179,179,179,191,179,179,179,191,192,192,192,192,192,192,255,255
  360 data128,128,128,128,128,128,255,255,191,191,191,191,191,191,191,191
  370 data127,254,194,254,130,255,195,254,252,14,78,234,170,26,90,174
  380 data166,182,174,167,254,255,127,,174,74,10,250,14,254,252,
  390 data,,,,28,62,119,99,96,96,96,96,96,96,96,96,56,124,238,206,238,198,124,56
  400 data15,12,8,9,9,9,9,9,24,36,4,3,4,4,2,1,48,72,4,156,98,98,100,152
  410 data,36,66,66,66,102,60,24,24,24,60,36,102,102,36,24,,15,28,24,16,24,31,15
  420 data,192,176,46,11,7,255,254,1,3,7,15,31,63,127,255,255,255,255,255,255,126,126,60
  430 data128,192,224,240,248,252,254,255,,24,60,102,102,126,60,24
  440 data40,24,56,40,56,40,48,24,255,224,192,159,176,160,160,160,255,7,3,249,13,5,5,5
  450 data160,160,160,162,161,161,161,162,5,5,5,69,133,133,133,69
  460 data160,160,160,160,176,159,192,255,5,5,5,5,13,249,3,255
  470 data248,248,248,248,248,248,248,248,,255,255,255,255,255,255,
  480 data247,247,247,,223,223,223,
  490 poke36869,208:poke648,20:printchr$(147)
  500 fort=0to615:z=peek(7168+t):poke4096+t,z:next
  510 fort=4712to5119:poket,234:next
  520 poke44,22:poke5632,0:new

