

;vorprogramm zs2.prg ==0801==
    0 rem +++++++++++++++++++++++++++++
    1 rem +++ zauberschloss 2. teil +++
    2 rem +++ (c) 1985 by           +++
    3 rem +++ josef busin           +++
    4 rem +++ sudetenstrasse 37     +++
    5 rem +++ 7321 eschenbach       +++
    6 rem +++ tel.: 07161/42817     +++
    7 rem +++                       +++
    8 rem +++ vorprogramm (sprites) +++
    9 rem +++++++++++++++++++++++++++++
   10 :
   11 data,60,,,126,,,255,,,153,,24,153,,28,255,,30,255,,31,255,128,15,255,192
   20 data7,255,224,3,255,240,1,255,248,1,255,120,3,254,48,7,254,,7,254,,7,252,,7
   30 data252,,15,248,,31,240,,31,240,
   50 data2,64,130,130,65,12,66,34,16,36,34,32,20,66,64,28,68,128,14,104,190,135
   60 data56,225,65,159,128,39,222,,24,124,,,56,,,56,,,56,,,112,,,112,,,224,,,224
   70 data,1,192,,1,192,,1,192,
   90 data,,,,,,,,,,60,,,126,,2,255,64,2,153,64,35,153,196,51,255,204,25,165,152
  100 data31,165,248,15,165,240,15,129,240,15,255,240,31,255,248,63,255,252
  110 data127,255,254,127,255,254,127,255,254,127,255,254,127,255,254,127,255,254
  120 data127,255,254,127,255,254,127,255,254,127,255,254,127,255,254,127,255,254
  130 data127,255,254,127,255,254,127,255,254,127,255,254,127,255,254,127,255,254
  140 data127,255,254,127,255,254,127,255,254,1,255,128,1,255,128,1,255,128
  150 data31,239,248,31,239,248
  180 data16,,,16,,,18,,,255,76,64,19,95,64,18,63,128,16,21,,16,31,,16,17,,17,255
  190 data192,63,255,254,63,255,254,19,255,254,19,255,246,19,255,246,19,255,246
  200 data19,255,246,19,255,240,19,255,240,16,51,,19,243,240
  220 data1,252,,3,30,,3,231,,14,123,128,15,249,128,3,96,,,204,,3,158,,3,62,,,110
  230 data,,238,,,239,,,239,,,239,,,239,,,31,,,255,,,255,,,56,,3,184,,3,184,,1
  240 data255,
  260 data1,255,128,1,255,128,1,255,128,1,60,128,1,153,128,1,255,128,1,255,128
  270 data12,189,48,6,189,96,2,219,64,2,102,64,3,126,192,1,60,128,1,189,128
  280 data1,153,128,3,195,192,3,221,192,3,255,192,3,255,192,3,189,192,7,189,192
  290 data7,189,224,7,189,224,7,60,224,7,126,224,7,126,224,7,126,224,4,255,32
  300 data15,255,240,15,255,240,15,255,240,15,255,240,15,255,240,15,255,240
  310 data31,255,248,31,255,248,31,255,248,31,255,248,62,221,124,48,221,12
  320 data119,221,238
  350 data,,,,,15,,,15,,66,7,,231,7,4,231,39,2,255,71,3,153,199,3,255,199,1,171
  360 data135,,171,7,,213,7,,213,7,,255,119,31,255,255,63,255,255,127,255,255
  370 data255,255,255,255,255,255,255,255,252,231,255,248
  390 data227,255,192,227,255,192,227,255,192,227,255,192,227,255,192,227,255,192
  400 data243,255,192,243,255,192,3,255,192,7,255,224,15,195,240,31,129,248
  410 data31,,248,31,,248,31,,248,31,,248,31,,248,31,,248,31,,248,127,,254,255
  420 data,255
  440 data,24,,,60,,,126,,,255,,1,255,128,3,255,192,7,153,224,15,153,240,255
  450 data255,255,255,255,255,255,171,255,207,129,243,199,213,227,195,255,195,193
  460 data255,131,192,255,3,224,255,7,225,255,135,227,217,199,3,,192,15,129,240
  480 data16,,8,8,,16,60,,60,16,255,8,9,255,144,7,255,224,7,,224,14,255,112
  490 data14,195,112,14,189,112,14,165,112,14,189,112,14,195,112,14,255,112
  500 data7,,224,3,255,192,1,255,128,1,255,128,10,,80,12,,48,14,,112
  520 data,,,,60,,,60,,,60,,,60,,,60,,62,36,124,65,102,130,67,195,194,71,129,226
  530 data60,,60,24,,24,50,160,12,50,128,12,50,174,236,50,170,172,49,42,236
  540 data48,,12,24,,24,15,255,240,3,255,192
  560 data,,,,,,,,,,252,,,120,,,48,,,56,,,126,,,235,128,1,192,192,3,171,224,7,171
  570 data240,7,171,248,15,192,248,15,235,124,15,235,124,15,235,124,15,234,248
  580 data7,129,240,3,235,224,1,255,192
  600 data,60,,,60,,,60,,,60,,,60,,,60,,,60,,,66,,,129,,7,,224,8,24,16,16,36,8
  610 data96,66,6,128,165,1,145,24,137,144,165,9,184,90,29,144,36,9,144,24,9
  620 data64,,2,63,255,252
  640 data,,,,,,,,,,7,240,,15,248,20,31,252,54,63,254,127,127,254,255,255,255
  650 data235,255,255,255,255,255,213,255,255,193,255,255,235,255,255,127,255,255
  660 data62,127,255,28,127,254,,126,126,,126,126,,126,126,,126,126
  680 data15,192,,31,224,28,32,112,62,64,112,107,128,112,127,,112,62,,240,28
  690 data56,224,28,124,224,14,213,224,14,254,120,14,124,60,14,56,30,28,56,15,249
  700 data56,7,247,28,3,229,28,,9,28,30,3,15,255,255,7,255,254,3,225,252
  720 data,3,192,,7,224,,15,240,,31,248,,63,252,,39,254,128,127,254,255,255,254
  730 data255,255,254,85,95,254,170,191,254,255,255,254,127,255,252,,63,248,,63
  740 data240,,63,240,,63,240,,63,240,,63,240,,63,240,,63,248
  750 data,63,248,,63,255,,63,255,,63,255,,63,255,,63,255,,63,255,,63,255,,63
  760 data255,,127,255,,127,255,,255,255,1,255,255,31,255,255,63,255,255,63,255
  770 data255,127,255,255,255,255,255,255,255,255,255,255,255,255,255,255
  800 data,,,,128,192,,193,224,1,231,248,3,17,96,6,23,224,12,17,224,12,8,96
  810 data44,9,224,76,4,96,255,255,240,79,255,248,47,255,252,12,15,254,12,31,254
  820 data12,31,254,12,23,252,6,19,248,3,35,24,1,163,24,,207,120
  840 data3,255,128,15,255,192,31,239,240,127,215,252,127,187,252,127,125,254
  850 data254,254,254,253,255,126,251,255,191,247,255,223,239,255,239
  860 data247,255,223,251,255,191,125,255,126,126,254,254,63,125,254,63,187
  870 data254,63,215,248,31,239,240,7,255,192,3,255,128
  890 data240,24,15,244,60,47,244,126,47,246,231,111,247,195,239,243,129,207
  900 data251,129,222,249,129,158,125,195,190,127,231,254,63,255,252
  910 data31,255,248,15,255,240,15,227,224,15,221,224,15,221,224,15,239,192
  920 data31,247,192,31,251,192,63,221,192,63,221,224
  930 data127,227,240,127,255,240,127,255,240,63,255,248,31,255,248,15,255
  940 data240,15,255,224,15,255,224,7,255,240,7,255,240,15,255,248,15,255
  950 data240,31,255,224,63,255,192,63,255,128,127,255,128,127,255,128
  960 data127,255,128,255,255,128,255,255,192,255,255,240
  990 data,,,,,,,,,,,,,,,,,,,,,,,,255,255,255,255,255,255,219,109,191,255,255
 1000 data255,255,255,255,,,,,,,,,,,,,,,,,,,,,,,,
 1020 data255,255,255,255,255,255,255,255,255,255,255,255,255,255,255,207
 1030 data252,251,198,48,51,194,32,19,192,32,3,192,,3,202,,131,202,,3,206
 1040 data238,187,202,170,171,202,234,187,192,,11,192,,59,192,,3,192,,3
 1050 data255,255,255,255,255,255
 1070 data,,,,129,,1,,128,1,,128,,189,,,126,,,126,,,90,,,126,,2,126,64,7,60,224
 1080 data7,255,224,3,255,192,1,255,128,7,255,224,31,255,248,63,255,252,63,255
 1090 data252,63,255,252,63,255,252,63,255,252,63,255,252,63,255,252,63,255,252
 1100 data63,255,252,63,255,252,63,255,252,7,255,224,7,255,224,7,255,224,7,255
 1110 data224,7,255,224,7,255,224,7,255,224,7,255,224,7,255,224,7,255,224,7,255
 1120 data224,7,255,224,7,255,224,7,195,224,63,195,252
 1150 data,,,,248,,15,252,,31,6,,48,3,,48,1,128,48,96,192,24,80,96,12,72,96
 1160 data6,8,96,3,8,48,1,136,48,3,136,48,7,8,48,15,136,24,31,8,12,62,4,12
 1170 data124,2,12,248,1,252,240,,248,224,,
 1190 data,113,192,,81,64,,223,96,1,243,240,1,255,240,1,192,112,25,192,115
 1200 data28,255,231,30,63,143,31,14,31,31,255,255,31,255,255,31,255,255
 1210 data31,255,255,31,255,255,31,255,255,29,255,247,28,255,231,14,255,230
 1220 data6,127,204,31,63,159
 1240 data,60,,,60,,,60,,,60,,,60,,,60,,,60,,3,255,192,,36,,,36,,,36,,,36,,,36
 1250 data,,36,,,36,,,255,,,255,,3,255,192,15,255,240,63,255,252,255,255,255
 1270 data,60,,,60,,,60,,,60,,,60,,,126,,,195,,63,129,252,63,,252,48,,12,48,,12
 1280 data48,,12,53,25,12,53,33,12,55,33,12,53,33,12,53,25,204,48,,12,48,,12
 1290 data63,255,252,63,255,252
 1310 data7,255,224,15,255,248,31,255,252,63,24,254,127,24,255,127,24,255
 1320 data127,255,254,63,84,254,63,,252,31,,248,15,84,240,15,255,224,7,255,192
 1330 data3,255,128,1,255,,,254,,,124,,,120,,,56,,,48,,,16,
 1350 data49,130,16,27,6,28,115,135,14,225,195,135,225,193,199,115,131,142
 1360 data57,143,28,63,255,252,127,255,254,255,255,255,255,255,255,255,255,255
 1370 data255,255,255,255,255,255,255,255,255,255,255,255,255,255,255,127,255
 1380 data254,63,255,252,31,255,248,15,255,240
 1400 data,255,,1,255,128,3,,192,6,18,96,12,36,48,12,73,48,12,146,48,12,36,48
 1410 data6,72,96,3,,192,1,129,128,,255,,,126,,,60,,,24,,,24,,,24,,,24,,,24,,
 1420 data60,,,60,
 1440 data,,248,,,248,,24,248,,24,248,,5,248,,3,128,,71,,,62,128,,60,96,,60,96
 1450 data7,252,,7,226,,7,224,,7,224,,7,224,,15,224,,28,,,56,,,240,,,224
 1460 data,,224,,
 1480 data255,255,,255,255,128,255,255,192,255,255,224,223,255,240,207,255,248
 1490 data199,255,252,195,255,254,193,255,255,193,255,255,193,131,3,193,131,3
 1500 data193,131,3,193,131,3,193,131,3,193,131,3,1,128,3,1,128,3,1,128,3
 1510 data1,128,3,1,128,3
 1530 data,126,,,126,,,126,,,126,,,126,,,129,,63,,252,64,56,2,128,124,49
 1540 data128,214,121,128,254,141,128,124,141,128,56,77,128,56,13,128,28,13
 1550 data128,14,25,128,7,49,128,3,225,128,1,193,128,,1,255,255,255
 1570 data,254,,1,255,,3,255,128,3,255,128,1,255,,,254,,,124,,,254,,1,131,,3
 1580 data1,128,6,,192,6,,192,6,,192,6,,192,3,1,128,1,131,,,254,,,124,,,,,,,,,,
 1600 data,,,,,1,,,3,,,6,,,12,,,28,,,120,,,240,,1,240,,3,224,,7,192,,15,128
 1610 data,31,,,62,,,124,,,252,,1,248,,3,240,,7,224,,7,192,,7,128,
 1630 data24,,,28,,,14,,,7,,,3,128,,1,192,,,224,,,112,,,56,,,28,,,14,,,7
 1640 data,,3,128,,1,192,,,225,,,114,,,60,,,28,,,30,,,39,,,67
 1660 data,,,,,,30,,,63,,,97,192,,96,224,,96,48,,192,24,,192,12,2,192,6,7
 1670 data192,3,255,192,3,255,192,6,7,192,12,2,96,24,,96,48,,96,224,,63,192
 1680 data,31,,,,,,,,
 1700 data128,,3,112,,14,94,,114,85,195,210,63,255,252,37,85,84,63,255,252
 1710 data21,85,72,31,255,248,21,85,72,31,255,248,21,85,72,31,255,248,21,85,72
 1720 data63,255,252,37,85,84,63,255,252,85,195,210,94,,114,112,,14,128,,1
 1740 data255,255,255,255,255,255,192,,3,220,133,83,200,80,3,200,32,171,200,4,3
 1750 data220,81,19,192,,3,192,,3,192,,3,192,,3,223,18,163,202,64,3,202,5,83
 1760 data202,32,3,223,8,163,192,,3,192,,3,255,255,255,255,255,255
 1780 data,,,,,,,,,,,,,,,,,,,,,,,128,,,129,255,255,255,64,,255,63,255,255,,,129
 1790 data,,128,,,,,,,,,,,,,,,,,,,,,,
 1810 data126,,,36,,,36,,,36,,,131,,3,129,192,2,,64,3,,192,3,255,192,3,253,192
 1820 data3,127,192,3,239,192,3,255,192,3,251,192,3,255,192,3,223,192,3,255
 1830 data192,3,253,192,3,127,192,3,255,192,3,255,192
 1850 data,,1,,,3,,,6,,,12,,,24,,,48,,,96,,,192,,1,128,,3,,,6,,,12,,,24,,,48
 1860 data,,96,,,192,,17,128,,19,,,22,,,28,,,31,,
 1880 data127,255,224,255,255,248,255,255,255,255,255,255,255,255,255,255,255
 1890 data255,255,255,255,255,255,255,255,255,255,255,255,255,255,255,255,255
 1900 data255,255,255,255,255,255,255,255,255,255,255,255,255,255,255,255,255
 1910 data255,255,255,255,255,255,255,255,255,255,255,255
 1920 data,,124,,,28,,,124,192,,228,248,1,196,254,1,192,255,128,224,255,192,112
 1930 data255,224,56,255,240,28,255,248,28,255,252,28,255,254,28,255,254,56,255
 1940 data255,56,255,255,112,255,255,240,255,255,224,255,255,224,255,255,224
 1950 data255,255,224
 1980 data,14,,,27,,,60,,,126,,,255,,1,255,128,1,153,128,1,153,128,1,255,128
 1990 data1,255,128,1,255,128,1,255,128,1,255,128,7,255,224,8,255,16,16,126,8
 2000 data18,,72,18,,72,37,,164,37,,164,37,,164
 2020 data37,,164,36,129,36,36,129,36,36,255,36,36,255,36,255,255,255,60,255
 2030 data61,1,255,129,1,255,131,3,255,195,1,231,198,1,231,131,1,231,128
 2040 data3,195,192,3,195,192,3,195,192,7,129,224,7,129,224,7,129,224,15,129
 2050 data240,63,129,252
 2070 data,,,,,,,,,240,,,144,,,252,,,152,,,152,,,12,,,12,,,6,,,12,,,248
 2080 data,,,,,,,,,,,,,,,,,,,,,,,,,,
 2100 :
 3000 print"{clr}{down}{down}{rvon}k{rvof}assette oder {rvon}d{rvof}iskette ?"
 3010 geta$:ifa$=""then3010
 3020 ifa$="k"then3100
 3030 ifa$="d"thenopen1,8,1,"@:zauber-sprites 2":goto3050
 3040 goto3010
 3050 print#1,chr$(0);chr$(240);
 3060 forx=1to51:fory=1to63:reada:b=b+a:print#1,chr$(a);:next:print#1,chr$(0);
 3070 next:close1:ifb<>346712thenprint"{clr}{down}{down}{rvon}fehler in datas!!!"
 3080 end
 3100 print"{clr}{down}{down}{down}{down}{down}{down}{down}{down}{down}{down}{down}"spc(12)"{rvon} bitte warten ! "
 3110 ad=61440:forx=0to50:fory=0to62:reada:b=b+a
 3120 pokead+y+(x*64),a:next:next:ifb<>346712thenprint"{clr}{down}{down}{rvon}fehler in datas!!!":end
 3130 print"{clr}{down}{down}{down}load"+chr$(34)+"zauberschloss 2"+chr$(34)+"{home}"
 3140 :
 3150 rem bei verwendung von turbo tape
 3160 rem muss in zeile 3130 statt
 3170 rem 'load' '_l' stehen

