;ieee basic.prg ==0801==
   10 poke56,96:poke55,0:clr
   15 of=32768
   20 print"{clr}{down}{down}{down}kopieren der rom-daten nach $6000":print
   30 fori=6*4096to8*4096-1:pokei,peek(i+of):nexti
   40 rem einschaltfarben setzen
   50 poke58677-of,5: rem zeichen gruen
   60 poke60633-of,0: rem rahmen schwarz
   70 poke60634-of,0: rem hintergr. schwarz
   80 print"lesen der data-zeilen":print:print
  100 t=0
  110 t=t+1:read a:ifa=0then240
  120 read b: rem anzahl der bytes
  130 read p1: rem pruefsumme
  140 p2=0:print"block ";t;"  ";
  150 fori=a-oftoa-of-1+b
  160 readd:pokei,d:p2=p2+d
  170 nexti
  180 ifp2<>p1then210
  190 print"   ok"
  200 goto110
  210 print"pruefsumme falsch: ";p2;" statt ";p1:print
  220 geta$:ifa$=""then220
  230 goto110
  240 print:print"fertig!":end
 1000 rem *****************
 1005 rem **** block 1 ****
 1010 rem *****************
 1020 data 57817,2,170
 1025 data 162,8
 1030 rem *****************
 1035 rem **** block 2 ****
 1040 rem *****************
 1050 data 57895,2,170
 1055 data 162,8
 1060 rem *****************
 1065 rem **** block 3 ****
 1070 rem *****************
 1080 data 58858,3,529
 1081 data76,202,251
 1090 rem *****************
 1095 rem **** block 4 ****
 1100 rem *****************
 1110 data 60686,3,390
 1111 data76,64,250
 1120 rem *****************
 1125 rem **** block 5 ****
 1130 rem *****************
 1140 data 60576,1,130
 1141 data 130
 1150 rem *****************
 1155 rem **** block 6 ****
 1160 rem *****************
 1170 data 60859,91,11666
 1171 data76,67,251,76,28,251,41,247,141,0,221,96,133,149,76,39,251,120,32
 1172 data160,238,32,190,237,32,133,238,32,169,238,48,251,88,96,36,148,48,5
 1173 data56,102,148,208,5,72,32,239,250,104,133,149,24,96,234,76,250,250,173
 1174 data0,221,9,8,141,0,221,169,95,44,169,63,76,6,251,32,190,237,138,162
 1175 data10,202,208,253,170,32,133,238,76,151,238,76,81,251
 1180 rem *****************
 1185 rem **** block 7 ****
 1190 rem *****************
 1200 data 62637,11,1586
 1201 data201,4,176,7,169,8,133,186,234,234,234
 1210 rem *****************
 1225 rem **** block 8 ****
 1230 rem *****************
 1240 data 62959,11,1586
 1241 data201,4,176,7,169,8,133,186,234,234,234
 1250 rem *****************
 1255 rem **** block 9 ****
 1260 rem *****************
 1270 data 62999,3,296
 1272 data32,12,252
 1280 rem ******************
 1285 rem **** block 10 ****
 1290 rem ******************
 1300 data 64064,192,22379
 1301 data32,21,252,48,6,32,164,240,76,17,237,72,36,148,16,10,56,102,163,32
 1302 data110,250,70,148,70,163,104,133,149,169,86,141,2,222,169,4,44,2,222
 1303 data240,251,169,60,141,3,222,169,86,36,163,16,2,169,87,141,2,222,173
 1304 data2,222,41,80,201,80,240,86,169,48,141,1,222,169,255,141,0,222,169
 1305 data52,141,1,222,165,149,73,255,141,0,222,169,16,44,2,222,240,249,169
 1306 data8,13,2,222,141,2,222,169,255,141,7,221,169,25,141,15,221,169,0,141
 1307 data7,221,173,7,221,240,17,44,2,222,80,246,169,86,141,2,222,169,255,141
 1308 data0,222,24,96,44,133,2,16,10,32,225,255,208,209,240,3,169,128,44,169
 1309 data3,32,28,254,88,24,144,220,133,149,32,110,250,169,52,141,3,222,96
 1310 data32,21,252,48,3,76,64,237,76,110,250,32,21,252,48,18,120
 1320 rem ******************
 1325 rem **** block 11 ****
 1330 rem ******************
 1340 data 64256,256,31864
 1341 data32,142,238,76,243,237,32,21,252,48,9,32,17,237,76,3,238,169,95,44
 1342 data169,63,32,75,250,76,233,250,32,21,252,48,248,173,0,221,76,193,237
 1343 data32,21,252,48,6,32,54,237,76,204,237,133,149,32,110,250,169,246,141
 1344 data2,222,169,52,141,3,222,24,96,32,21,252,48,6,32,54,237,76,190,237
 1345 data76,228,250,32,21,252,48,6,120,169,0,76,22,238,169,48,141,1,222,169
 1346 data0,141,0,222,169,60,141,1,222,169,214,141,2,222,169,255,141,7,221
 1347 data169,25,141,15,221,169,0,141,7,221,173,7,221,240,50,169,4,44,2,222
 1348 data208,244,169,246,141,2,222,173,2,222,74,74,176,5,169,64,32,28,254
 1349 data173,0,222,73,255,72,169,118,141,2,222,169,4,44,2,222,240,251,169
 1350 data246,141,2,222,104,24,96,44,133,2,16,5,32,237,246,208,176,169,2,32
 1351 data28,254,169,13,72,208,228,201,131,208,3,76,238,229,201,130,208,6,32
 1352 data44,247,76,254,229,76,254,229,70,148,162,56,142,1,222,162,48,142,3
 1353 data222,169,169,141,2,222,169,255,141,0,222,162,52,142,1,222,162,52,142
 1354 data3,222,141,0
 1360 rem ******************
 1365 rem **** block 12 ****
 1370 rem ******************
 1380 data 64512,40,5057
 1381 data222,169,86,141,2,222,173,0,222,76,142,238,165,194,133,173,165,193
 1382 data133,172,96,72,165,186,41,15,197,2,208,5,104,44,29,252,96,104,44,28
 1383 data252,96
 1390 rem ******************
 1395 rem **** block 13 ****
 1400 rem ******************
 1410 data 64999,9,1113
 1411 data169,4,133,2,169,64,76,243,253
 1420 rem ******************
 1425 rem **** block 14 ****
 1430 rem ******************
 1440 data 65405,3,549
 1441 data76,222,251
 1450 rem *******************************
 1460 rem *******************************
 1470 rem wenn ohne dos 5.1, dann nur
 1480 rem noch zeile 10000 eingeben!!
 1490 rem *******************************
 1500 rem *******************************
 1520 rem ******************
 1525 rem **** block 15 ****
 1530 rem ******************
 1540 data 63276,212,27895
 1541 data76,105,247,248,248,248,248,248,249,247,247,247,249,248,169,169,169
 1542 data169,169,0,207,207,207,6,243,37,47,173,94,174,95,62,177,64,35,81,0
 1543 data13,68,79,83,32,86,53,46,49,32,65,75,84,73,86,73,69,82,84,13,0,76
 1544 data123,247,162,2,189,102,247,149,124,202,16,248,169,8,141,145,3,76,211
 1545 data249,133,166,134,167,186,189,1,1,201,230,240,4,201,140,208,23,189
 1546 data2,1,201,167,240,4,201,164,208,12,165,166,162,8,221,69,247,240,17
 1547 data202,16,248,165,166,166,167,201,58,176,3,76,128,0,76,138,0,134,165
 1548 data141,148,3,32,43,249,166,165,169,62,133,187,169,3,133,188,173,145
 1549 data3,133,186,189,47,247,72,189,58,247,72,96,152,240,69,162,9,189,69
 1550 data247,240,8,205,62,3,240,13,232,16,243,173,62,3,201,36,240,81,76,249
 1551 data247,198,183,169,64,133,187,169,3,133,188,76,199,247,165,186,32,177
 1552 data255,169,111
 1560 rem ******************
 1565 rem **** block 16 ****
 1570 rem ******************
 1580 data 63488,256,34255
 1581 data133,185,32,147,255,160,0,185,62,3,32,168,255,200,196,183,144,245
 1582 data32,174,255,76,55,248,165,186,32,180,255,169,111,133,185,32,150,255
 1583 data32,165,255,201,13,240,6,32,22,231,76,36,248,32,22,231,32,171,255
 1584 data76,121,0,169,96,133,185,32,213,243,165,186,32,180,255,165,185,32
 1585 data150,255,169,0,133,144,160,3,132,183,32,165,255,133,195,32,165,255
 1586 data133,196,164,144,208,62,164,183,136,208,235,166,195,165,196,32,205
 1587 data189,169,32,32,22,231,32,165,255,166,144,208,38,201,0,240,24,32,22
 1588 data231,32,225,255,240,26,32,228,255,240,232,201,32,208,228,32,228,255
 1589 data240,251,208,221,169,13,32,22,231,160,2,76,81,248,32,66,246,169,13
 1590 data32,22,231,76,121,0,166,43,164,44,173,148,3,201,37,208,3,169,1,44
 1591 data169,0,133,185,169,0,32,213,255,176,46,173,148,3,201,37,240,25,165
 1592 data175,133,46,165,174,133,45,32,89,166,32,51,165,173,148,3,201,173,240
 1593 data4,201,47,208,3,76,134,227,169,0,32,144,255,32,142,166,76,174,167
 1594 data76,134,227,162,2,189,171,227,149,124,202,16,248,76,134
 1600 rem ******************
 1605 rem **** block 17 ****
 1610 rem ******************
 1620 data 63744,256,30574
 1621 data227,32,89,225,76,24,248,164,183,185,62,3,41,15,141,145,3,136,240
 1622 data20,185,62,3,41,15,168,240,12,173,145,3,24,105,10,136,208,251,141
 1623 data145,3,76,121,0,160,0,32,115,0,170,208,3,76,194,249,169,96,133,124
 1624 data165,122,72,165,123,72,138,201,34,240,30,32,115,0,208,247,104,133
 1625 data123,104,133,122,32,121,0,162,0,201,34,240,14,162,2,228,123,208,92
 1626 data162,0,240,9,104,104,162,0,32,115,0,240,86,201,34,240,82,201,61,240
 1627 data4,201,58,208,2,162,255,201,91,240,10,153,62,3,141,147,3,232,200,16
 1628 data223,32,115,0,240,46,141,146,3,32,115,0,240,38,201,93,208,34,224,16
 1629 data176,30,173,147,3,201,42,208,5,136,202,169,63,44,169,32,224,15,176
 1630 data7,153,62,3,200,232,16,245,173,146,3,208,195,162,76,134,124,76,8,175
 1631 data132,183,162,76,134,124,32,121,0,240,5,32,115,0,208,251,96,162,0,189
 1632 data81,247,240,6,32,22,231,232,208,245,96,0,133,146,228,215,208,15,138
 1633 data208,160,165,169,48,189,201,16,144,185,133,150,176,181,138,69,155
 1634 data133,155,165,180,240,210
10000 data0
10010 rem ****** ende ******

