;demosounds.prg ==0801==
;Eingetippt von Endurion
  100 rem +++ demo-sounds +++
  110 for i=1 to 6
  120 :  read na$
  130 :  open 1,8,2,na$+",s,w"
  140 :  for t=1 to 37
  150 :    read s
  160 :    print#1,chr$(s);
  170 :  next t
  180 :  close 1
  190 next i
  200 end
  210 data "hsy.orgel......."
  220 data 32,28,,4,,107,1,1,,32,24,,4,
  230 data 107,1,1,,32,31,,4,,107,1,1,,1
  240 data 168,,5,1,87,,1,14,25
  250 data "hsy.brandung...."
  260 data 128,28,,4,220,255,1,1,,128,24
  270 data ,4,220,255,1,1,,128,31,,4,220
  280 data 255,1,1,,1,168,,15,5,87,80,1
  290 data 10,25
  300 data "hsy.floete......"
  310 data 16,43,,,11,23,,,,16,43,16,8
  320 data 11,240,,,,16,43,,,11,133,,,,
  330 data ,,,30,,,1,,
  340 data "hsy.glocken....."
  350 data 20,31,,,10,108,,,,20,16,,,10
  360 data 108,,,,16,39,,,10,108,,,,,,,
  370 data ,,,1,,
  380 data "hsy.bass........"
  390 data 34,19,,,12,250,1,,,32,31,16,8
  400 data 12,250,1,,,32,7,,,10,56,1,,,1
  410 data 64,1,14,4,155,,2,1,
  420 data "hsy.metallic...."
  430 data 20,43,,,10,56,,,,20,12,,,10
  440 data 56,,,,20,43,,,10,56,,,,,207,2,
  450 data 2,130,,1,,

