;steuertafel.prg ==0801==
;Eingetippt von pgeorgi
   10 rem*********************************
   20 rem*                               *
   30 rem*            hi-eddi            *
   40 rem*        von hans haberl        *
   50 rem*                               *
   60 rem*  data's fuer die steuerzeile  *
   70 rem*    der beispiel-menuetafel    *
   80 rem*********************************
   90 rem je zwei aufeinanderfolgende data-zeilen
  100 rem ergeben eine zeile in der menuetafel (=20 felder)
  110 data 64,0,64,0,64,0,64,0,64,0,64,0,64,0,64,0,64,0,64,0
  120 data 64,0,64,0,64,0,64,0,64,0,64,0,64,0,64,0,64,0,64,0
  130 data 0,18,0,18,0,18,0,20,0,20,0,20,0,22,0,22,0,22
  140 data 0,13,0,13,0,13,0,10,0,10,0,10,0,56,56,23,56,38,56,30,1,51
  150 data 0,18,0,18,0,18,0,20,0,20,0,20,0,22,0,22,0,22
  160 data 0,13,0,13,0,13,0,10,0,10,0,10,0,59,59,23,59,38,59,30,1,51
  170 data 0,42,0,42,0,42,0,41,0,41,0,41,0,9,0,9,0,9
  180 data 0,26,0,26,0,26,0,14,0,14,0,14,0,8,8,23,8,38,8,30,1,51
  190 data 0,42,0,42,0,42,0,41,0,41,0,41,0,9,0,9,0,9
  200 data 0,26,0,26,0,26,0,14,0,14,0,14,0,11,11,23,11,38,11,30,0,33
  210 data 0,17,0,17,0,17,0,36,0,36,0,36,1,9,1,9,1,9
  220 data 1,60,1,60,1,60,1,60,1,60,1,60,0,16,16,23,16,38,16,30,0,33
  230 data 0,17,0,17,0,17,0,36,0,36,0,36,1,9,1,9,1,9
  240 data 1,60,1,60,1,60,1,60,1,60,1,60,0,19,19,23,19,38,19,30,0,33
  250 data 128,21,132,21,136,21,140,21,144,21,148,21,152,21,156,21,160,21
  260 data 164,21,168,21,172,21,176,21,180,21,184,21,188,21,0,4,0,5,0,6,0,3
  270 data 128,28,132,28,136,28,140,28,144,28,148,28,152,28,156,28,160,28
  280 data 164,28,168,28,172,28,176,28,180,28,184,28,188,28,1,4,1,5,1,6,1,3
  290 data 129,21,133,21,137,21,141,21,145,21,149,21,153,21,157,21,161,21
  300 data 165,21,169,21,173,21,177,21,181,21,185,21,189,21,2,4,2,5,2,6,2,3
  310 data 129,28,133,28,137,28,141,28,145,28,149,28,153,28,157,28,161,28
  320 data 165,28,169,28,173,28,177,28,181,28,185,28,189,28,0,29,0,29,0,31,0,31
  330 data 2,18,2,18,2,18,2,18,2,42,2,42,2,42,2,42,2,13,2,13,2,13,2,13
  340 data 2,20,2,20,2,20,2,20,2,41,2,41,2,41,2,41
  350 rem  kennung "cbm80" ,als menuekennung missbraucht
  360 data 195,194,205,56,48
  370 :
  380 poke 56,32:clr:rem im speicher befindliche menuetafel schuetzen
  390 for i=15872 to 15872+484:read a:poke i,a :s=s+a:next i
  400 if s<>18329 then print"data-fehler!"

