;interrupt.data.prg ==0801==
;Quelle: 8411.D64
    5 run100
   10 **********************************
   15 *                                *
   20 *     rasterzeilen-interrupt     *
   25 *                                *
   30 *         (basic-loader)         *
   35 *                                *
   40 *       ein  demo-programm       *
   45 *                                *
   50 *     fuer den  commodore 64     *
   55 *                                *
   60 *        von helmut welke        *
   65 *                                *
   70 *        moehnestrasse 26        *
   75 *                                *
   80 *        5760  arnsberg 1        *
   85 *                                *
   90 *       tel. (02932) 23627       *
   95 *                                *
   99 **********************************
  100 :
  110 printchr$(147)"loading":ad=49152
  120 readx:ifx<0goto300
  130 pokead,x:ad=ad+1:s=s+x:goto120
  200 :
  300 ifad=49737ands=64373thensys49152
  500 print:print"datas fehlerhaft"
  600 :
  700 :
  800 :
 1000 data 32,68,229,169,127,141,13,220
 1010 data 141,4,220,141,5,220,162,0
 1020 data 142,26,208,202,134,251,169
 1030 data 11,141,17,208,133,253,169
 1040 data 14,141,33,208,133,254,169
 1050 data 44,160,193,141,20,3,140,21
 1060 data 3,160,1,140,18,208,140,26
 1070 data 208,136,169,25,32,21,193,166
 1080 data 254,169,2,32,21,193,232,134
 1090 data 254,224,200,144,244,166,253
 1095 :
 1100 data 169,2,32,21,193,232,134,253
 1110 data 224,115,144,244,162,7,160
 1120 data 13,24,32,240,255,169,200,160
 1130 data 193,32,30,171,169,150,160
 1140 data 0,32,21,193,169,27,141,17
 1150 data 208,169,200,32,21,193,140
 1160 data 26,208,140,32,208,32,68,229
 1170 data 162,4,142,33,208,160,3,24
 1180 data 32,240,255,169,254,160,193
 1190 data 32,30,171,169,30,160,0,32
 1195 :
 1200 data 21,193,169,88,160,193,141
 1210 data 20,3,140,21,3,162,25,134,253
 1220 data 142,18,208,173,25,208,141
 1230 data 25,208,160,1,140,26,208,136
 1240 data 169,2,32,21,193,232,134,253
 1250 data 224,170,144,244,169,100,32
 1260 data 21,193,32,68,229,140,26,208
 1270 data 169,115,160,193,141,20,3,140
 1280 data 21,3,173,25,208,141,25,208
 1290 data 160,0,132,251,200,140,18,208
 1295 :
 1300 data 140,26,208,169,0,32,21,193
 1310 data 169,15,141,134,2,162,3,24
 1320 data 32,240,255,169,221,160,193
 1330 data 32,30,171,169,20,160,0,32
 1340 data 21,193,206,134,2,16,237,169
 1350 data 1,168,32,21,193,76,0,192,141
 1360 data 6,220,140,7,220,169,17,141
 1370 data 14,220,169,89,141,15,220,173
 1380 data 15,220,74,176,250,96,165,251
 1390 data 240,9,16,15,169,0,170,164
 1395 :
 1400 data 253,208,14,169,2,162,1,164
 1410 data 254,208,6,169,7,162,255,160
 1420 data 1,134,251,140,18,208,141,32
 1430 data 208,173,25,208,141,25,208
 1440 data 76,129,234,173,33,208,73,2
 1450 data 168,41,2,240,6,165,253,24
 1460 data 105,21,44,165,253,141,18,208
 1470 data 140,33,208,76,79,193,198,251
 1480 data 166,251,16,4,162,15,134,251
 1490 data 189,152,193,72,188,184,193
 1495 :
 1500 data 189,168,193,170,104,142,18
 1510 data 208,140,17,208,141,32,208
 1520 data 141,33,208,76,79,193,4,11
 1530 data 5,9,3,10,1,14,7,15,2,13,0
 1540 data 8,6,12,1,11,254,235,219,203
 1550 data 179,162,138,122,106,82,75
 1560 data 59,51,33,27,155,27,27,27,27
 1570 data 27,27,27,27,27,27,27,27,27
 1580 data 27,14,8,31,196,69,77,79,45
 1590 data 208,82,79,71,82,65,77,77,17
 1595 :
 1600 data 17,17,17,17,13,29,29,29,29
 1610 data 29,29,29,29,29,210,193,211
 1620 data 212,197,210,218,197,201,204
 1630 data 197,206,45,201,78,84,69,82
 1640 data 82,85,80,84,0,156,213,78,68
 1650 data 32,78,85,78,32,32,32,32,17
 1660 data 17,17,83,69,72,69,78,32,211
 1670 data 73,69,32,32,32,32,17,17,17
 1680 data 78,79,67,72,32,68,69,78,13
 1690 data 17,17,17,17,17,29,29,29,29
 1695 :
 1700 data 29,29,29,29,29,29,210,160
 1710 data 197,160,199,160,197,160,206
 1720 data 160,194,160,207,160,199,160
 1730 data 197,160,206,0
 1740 data -1

