

;screen-dump.prg ==0801==
   10 fori=659to763:readj:pokei,j:next:print"{wht}{clr}{down}sys 680,art,block,geschwindigkeit{lblu}
   20 new
 1000 data164,6,162,32,202,208,253,136,208,248,96,0,0,0,0,0,0,0,17,1,0,32,155
 1001 data183,134,2,32,155,183,134,5,32,155,183,134,6,165,2,10,9,1,133,97,169
 1002 data4,162,0,134,2,133,3,134,4,160,0,177,4,145,2,165,2,24,101,97,133,2
 1003 data133,4,144,4,230,3,230,5,165,3,201,8,208,11,169,4,133,3,165,5,56,233
 1004 data4,133,5,32,147,2,165,2,208,211,165,3,201,4,208,205,96

