;basic-switch.prg ==1001==
;Eingetippt von Endurion
   10 rem *************************
   20 rem ****                 ****
   30 rem ****   basicswitch   ****
   40 rem ****                 ****
   50 rem ****   by c. sauer   ****
   60 rem ****                 ****
   70 rem *************************
   80 fort=0to286:readd:p=p+d:next:ifp<>38021thenprint"{down}{down}fehler !!":end
   90 poke55,0:poke56,peek(56)-2:clr:a=peek(56)
  100 restore:fort=a*256toa*256+286
  110 readd
  120 ifd=-1thend=a
  130 ifd=-2thend=a+1
  140 poket,d
  150 next
  160 print"{clr}{down}{down}fertig. start mit":print"{down}sys"a*256+259
  170 print"{down}{down}aktivierung mit 'a'"
  180 geta$:ifa$=""then180
  190 ifa$<>"a"thenend
  200 sysa*256+259
  210 data230,122,208,002,230
  220 data123,032,121,000,201
  230 data255,240,003,076,121
  240 data000,032,115,000,201
  250 data069,208,003,076,168
  260 data-01,201,083,240,003
  270 data076,008,207,032,155
  280 data215,165,101,240,004
  290 data228,251,144,003,076
  300 data072,210,134,252,032
  310 data133,-01,166,252,202
  320 data138,010,010,010,168
  330 data162,000,185,032,-02
  340 data149,043,200,232,224
  350 data004,208,245,162,000
  360 data185,032,-02,149,055
  370 data200,232,224,002,208
  380 data245,165,252,133,250
  390 data032,096,198,032,142
  400 data198,032,115,000,240
  410 data006,201,143,240,016
  420 data208,245,160,001,177
  430 data122,208,239,200,192
  440 data002,208,247,076,116
  450 data196,032,215,202,165
  460 data122,164,123,032,030
  470 data203,240,241,166,250
  480 data202,138,010,010,010
  490 data168,162,000,181,043
  500 data153,032,-02,200,232
  510 data224,004,208,245,162
  520 data000,181,055,153,032
  530 data-02,200,232,224,002
  540 data208,245,096,032,133
  550 data-01,032,115,000,032
  560 data138,205,032,184,209
  570 data165,253,133,043,165
  580 data254,133,044,165,101
  590 data024,101,253,133,253
  600 data165,100,101,254,133
  610 data254,165,251,133,252
  620 data230,251,165,043,208
  630 data002,198,044,198,043
  640 data032,248,227,165,254
  650 data205,132,002,144,016
  660 data208,007,165,253,205
  670 data131,002,144,007,169
  680 data012,160,205,032,030
  690 data203,165,253,133,055
  700 data165,254,133,056,032
  710 data068,198,165,252,133
  720 data250,076,049,-01,162
  730 data000,134,250,134,116
  740 data232,134,251,134,252
  750 data165,043,133,253,165
  760 data044,133,254,169,076
  770 data133,115,169,-01,133
  780 data117,096

