;flist.prg ==0801==
;Quelle: 1984-08-09-10.d64

   10 fori=828to962::    readj:    pokei,j::nexti::sys828::end
  100 data169,71,141,8
  110 data3,169,3,141
  120 data9,3,96,32
  130 data115,0,201,155
  140 data240,10,201,70
  150 data240,25,32,121
  160 data0,76,231,167
  170 data169,26,141,6
  180 data3,169,167,141
  190 data7,3,32,115
  200 data0,32,156,166
  210 data76,174,167,32
  220 data115,0,201,155
  230 data240,3,76,8
  240 data175,169,130,141
  250 data6,3,169,3
  260 data141,7,3,76
  270 data98,3,8,36
  280 data15,48,4,201
  290 data58,240,4,40
  300 data76,26,167,72
  310 data138,72,152,72
  320 data160,2,177,95
  330 data133,99,200,177
  340 data95,133,98,162
  350 data144,56,32,73
  360 data188,32,223,189
  370 data32,135,180,32
  380 data166,182,170,169
  390 data13,32,12,225
  400 data32,59,171,202
  410 data208,250,104,168
  420 data104,170,104,40
  430 data76,26,167

