;hc-mps 801.prg ==0801==
;Quelle: 1984-07-10.d64

  320 rem ***********************
  330 rem *  hardcopy-loader    *
  340 rem *                     *
  350 rem *  rainer kracht      *
  360 rem *  gaertnertwiete 9   *
  370 rem *  2085 quickborn     *
  380 rem *                     *
  390 rem *  maerz 1984         *
  400 rem ***********************
  410 :
  420 :
  430 data 0,32,253,174,32,158,183,32,201,255,162,29,142,116,193,169,0,133,251
  440 data 133,255,169,8,32,210,255,32,233,193,169,0,160,195,133,176,132,177
  450 data 169,13,32,210,255,169,40,133,21,169,128,133,151,169,0,133,20,160
  460 data 6,177,176,37,151,240,7,165,20,25,226,193,133,20,136,16,240,165,20
  470 data 9,128,32,210,255,70,151,144,223,165,176,105,6,133,176,144,2,230,177
  480 data 198,21,208,205,206,116,193,208,180,169,13,32,210,255,76,204,255,1
  490 data 2,4,8,16,32,64,160,39,132,252,169,0,133,248,162,8,10,38,248,6,252
  500 data 144,7,24,105,7,144,2,230,248,202,208,239,133,247,24,165,255,101,247
  510 data 133,247,169,195,101,248,133,248,169,0,133,250,152,201,32,48,2,230
  520 data 250,10,10,10,133,249,24,165,251,101,249,133,249,169,0,101,250,133
  530 data 250,24,169,32,101,250,133,250,165,251,74,74,74,133,252,133,253,169
  540 data 0,133,254,162,8,10,38,254,6,253,144,7,24,105,56,144,2,230,254,202
  550 data 208,239,133,253,24,165,252,101,254,133,254,24,165,253,101,249,133
  560 data 249,165,254,101,250,133,250,162,0,165,1,133,2,169,54,133,1,161,249
  570 data 129,247,165,2,133,1,136,48,3,76,235,193,165,251,201,199,240,18,230
  580 data 251,230,255,165,255,201,7,240,3,76,233,193,169,0,133,255,96,169,195
  590 data 133,248,169,4,133,247,162,40,169,0,160,2,145,247,136,16,251,165,247
  600 data 24,105,7,133,247,144,2,230,248,202,208,233,96
  610 fori=49524to49854:reada:pokei,a:b=b+a:next
  620 ifb<>45611thenprint"fehler in datenzeile !"

