

;schreiberling v2.prg ==0801==
   10 rem --- schreiberling v2 ---
   20 rem aus 64'er magazin 10/85
   30 rem
   40 rem verbessert von frank behrens
   50 rem forstmeisterweg 8
   60 rem 2400 luebeck
   70 rem
   80 k=828: b=59392
   90 fori=ktok+55:readx:pokei,x:next
  100 sys k
  110 fori=btob+7:readx:pokei,x:next
  120 a=b+27*8
  130 fori=atoa+7:readx:pokei,x:next
  140 a=b+29*8
  150 fori=atoa+7:readx:pokei,x:next
  160 a=b+43*8
  170 fori=atoa+7:readx:pokei,x:next
  180 a=b+60*8
  190 fori=atoa+7:readx:pokei,x:next
  200 a=b+62*8
  210 fori=atoa+7:readx:pokei,x:next
  220 a=b+122*8
  230 fori=atoa+7:readx:pokei,x:next
  240 rem
  250 poke53280,0:poke53281,0
  260 print chr$(9)chr$(14)chr$(8)
  270 print"{clr}{pur}   Schreiberling{yel} liest Daten"
  280 print"{down}   Bitte warten..."
  290 dim a$(92,2)
  300 for i=1 to 16: q$=q$+chr$(0): next
  310 o$=q$+q$ : e$=chr$(27)
  320 sd$=e$+"k"+chr$(128)+chr$(2)
  330 md$=e$+"*"+chr$(4)+chr$(85)+chr$(3)
  340 dd$=e$+"l"+chr$(0)+chr$(5)
  350 l$=e$+"a"+chr$(8)+e$+"8"+chr$(7)
  360 bz=52344: lf$=chr$(10)+chr$(10)
  370 rem
  380 rem --- einlesen ---
  390 rem
  400 for i=0 to 92
  410  for j=0 to 2
  420   read x :if x=-1 then 450
  430   a$(i,j)=a$(i,j)+chr$(x)
  440   goto 420
  450  next
  460  if len(a$(i,2))=0 then a$(i,2)=left$(o$,len(a$(i,0)))
  470 next
  480 rem --- druckertest ---
  490 gosub 800
  500 rem
  510 rem --- zeilen-texteditor ---
  520 rem
  530 print"{clr}{rvon}{lblu}     Bitte eine Zeile eingeben :        {yel}{rvof}{down}"
  540 poke204,0: poke198,0
  550 wait198,1:get t$:print t$;
  560 if t$=chr$(13) then 610
  570 goto 550
  580 rem
  590 rem --- ausgabe ---
  600 rem
  610 poke207,0: poke204,1: y=50: p=0
  620 open1,4 : z=peek(bz)
  630 if z=30 then print#1,lf$: close1: goto 530
  640 if z=35 then y=99: p=1: xd$=dd$: goto 670
  650 if z=31 then y=66: p=1: xd$=md$: goto 670
  660 xd$=sd$
  670 for j=0 to 2
  680  print#1,xd$;
  690  for i=bz+p to bz+y
  700   w=peek(i)
  710   if w=122 then print#1,a$(92,j);: goto 740
  720   if w>91 then print#1,q$;: goto 740
  730   print#1,a$(w,j);
  740  next: print#1
  750 next
  760 close1: goto 530
  770 rem
  780 rem --- druckertest ---
  790 rem
  800 poke768,61:open1,4:print#1,l$;:close1:poke768,139
  810 if st=-128 then 830
  820 return
  830 print"{home}{down}{down}{down}{down}{down}{down}{down}{down}{pur}   Bitte Drucker einschalten !"
  840 wait203,63:goto 800
  850 rem
  860 rem maschinenprg zum verlegen
  870 rem des zeichensatzes
  880 data120,165,1,41,251,133,1,169,0
  890 data133,95,133,90,133,88,169,208
  900 data133,96,169,224,133,91,169,240
  910 data133,89,32,191,163,165,1,9,4
  920 data133,1,173,0,221,41,252,141,0
  930 data221,169,57,141,24,208,169,204
  940 data141,136,2,88,96
  950 rem
  960 rem umlautedatas f. bildschirm
  970 rem
  980 data102,0,102,102,102,102,62,0
  990 data102,0,60,102,102,102,60,0
 1000 data102,0,60,6,62,102,62,0
 1010 data28,38,102,108,102,102,108,96
 1020 data195,60,102,102,102,102,60,0
 1030 data195,24,60,102,126,102,102,0
 1040 data195,0,102,102,102,102,102,60
 1050 rem
 1060 rem buchstabendatas
 1070 rem klein ue
 1080 data0,2,3,51,112,0,0,50,115,3,0,0,0,-1
 1090 data0,0,254,255,3,1,1,2,254,255,1,2,0,-1,-1
 1100 rem klein a
 1110 data0,0,1,3,2,2,2,1,0,1,3,2,0,0,-1
 1120 data0,252,254,3,1,1,1,1,130,254,255,1,2,0,-1,-1
 1130 data0,64,255,255,0,1,2,2,2,2,1,1,0,-1
 1140 data0,0,252,254,193,193,1,1,1,2,254,252,0,-1,-1
 1150 data0,0,1,3,2,2,2,2,1,1,0,-1,0,252,254,3,1,1,1,1,2,4,0,-1,-1
 1160 data0,0,0,1,2,2,2,1,128,255,255,0,0,0,-1
 1170 data0,124,254,3,1,1,1,2,132,254,255,1,2,0,-1,-1
 1180 data0,0,1,3,2,2,2,2,1,0,0,-1
 1190 data0,252,254,35,33,33,33,33,161,98,0,-1,-1
 1200 data0,15,63,114,130,131,131,128,96,32,0,-1
 1210 data0,255,255,0,0,0,0,0,0,0,0,-1,0,252,252,4,0,0,0,0,0,0,0,-1
 1220 data0,0,0,1,2,2,2,1,1,1,1,1,0,-1
 1230 data0,124,254,131,1,1,1,130,132,191,127,128,0,-1
 1240 data0,56,52,4,4,4,4,8,16,240,224,0,0,-1
 1250 data0,128,255,255,1,2,2,2,1,1,0,0,0,0,-1
 1260 data0,0,255,255,0,0,0,0,0,254,255,1,2,0,-1,-1
 1270 data0,2,51,51,0,0,0,-1,0,0,254,255,1,2,0,-1,-1
 1280 data0,2,51,51,0,-1,0,0,255,255,0,-1,4,8,240,224,0,-1
 1290 data0,128,255,255,0,0,0,3,3,0,0,0,-1
 1300 data0,0,255,255,32,88,76,134,3,1,2,0,-1,-1
 1310 data0,128,255,255,0,0,0,-1,0,0,254,255,1,2,0,-1,-1
 1320 data0,1,2,3,1,1,2,3,1,1,2,3,1,0,0,0,-1
 1330 data0,0,0,255,255,0,0,255,255,0,0,254,255,1,2,0,-1,-1
 1340 data0,1,2,3,1,1,2,3,1,0,0,0,-1
 1350 data0,0,0,255,255,0,0,254,255,1,2,0,-1,-1
 1360 data0,0,1,3,2,2,2,2,3,1,0,0,-1
 1370 data0,252,254,3,1,1,1,1,3,254,252,0,-1,-1
 1380 data0,1,2,3,1,0,1,2,2,2,3,1,0,0,-1
 1390 data0,0,0,255,255,132,2,1,1,1,3,254,252,0,-1
 1400 data0,0,0,252,252,4,0,0,0,0,0,0,0,0,-1
 1410 data0,0,0,1,2,2,2,1,1,1,1,1,0,-1
 1420 data0,124,254,131,1,1,1,130,132,191,127,128,0,-1
 1430 data0,0,0,0,0,0,0,0,0,252,252,4,4,-1
 1440 data0,1,2,3,1,2,3,1,1,0,-1,0,0,0,255,255,0,0,128,0,0,-1,-1
 1450 data0,0,1,3,2,2,2,2,3,1,0,0,-1
 1460 data0,198,247,49,49,49,49,49,179,159,12,0,-1,-1
 1470 rem klein t
 1480 data0,1,1,127,255,1,1,1,0,-1
 1490 data0,0,0,254,255,1,2,0,0,-1,-1
 1500 rem klein u
 1510 data0,2,3,3,0,0,0,2,3,3,0,0,0,-1
 1520 data0,0,254,255,3,1,1,2,254,255,1,2,0,-1,-1
 1530 data0,1,2,3,3,1,0,0,0,0,0,3,3,0,-1
 1540 data0,0,0,0,128,224,120,30,7,12,48,192,0,0,-1,-1
 1550 data0,2,3,3,0,0,3,3,0,0,3,3,0,-1
 1560 data0,0,254,255,1,2,254,255,1,2,254,252,0,-1,-1
 1570 data0,2,3,3,2,0,0,0,0,3,2,0,0,-1
 1580 data0,1,3,132,232,112,56,92,134,3,1,2,0,-1,-1
 1590 data0,1,2,3,3,1,0,0,0,0,0,3,3,0,-1
 1600 data0,0,0,0,128,224,120,30,7,12,48,192,0,0,-1
 1610 data0,0,0,24,28,12,48,192,0,0,0,0,0,0,-1
 1620 data0,3,3,2,2,2,2,2,3,3,2,0,-1
 1630 data0,1,3,7,12,57,113,193,129,3,3,0,-1,-1
 1640 rem klein oe
 1650 data0,0,49,51,2,2,2,2,51,49,0,0,-1
 1660 data0,252,254,3,1,1,1,1,3,254,252,0,-1,-1
 1670 data0,0,0,1,1,1,63,126,226,194,196,96,48,16,0,-1
 1680 data0,2,133,5,30,252,230,3,1,1,3,6,0,0,0,-1,-1
 1690 rem klein ae
 1700 data0,0,1,51,98,2,2,49,96,1,3,2,0,0,-1
 1710 data0,252,254,3,1,1,1,1,130,254,255,1,2,0,-1,-1
 1720 data0,4,12,24,48,127,48,24,12,4,0,-1
 1730 data0,0,0,0,0,255,0,0,0,0,0,-1,-1
 1740 data0,0,1,3,6,12,0,0,0,0,0,0,0,0,-1
 1750 data0,128,192,224,176,152,128,128,128,128,128,128,128,0,-1,-1
 1760 rem space
 1770 data0,0,0,0,0,0,0,0,0,0,0,0,0,0,0,0,-1
 1780 data0,0,0,0,0,0,0,0,0,0,0,0,0,0,0,0,-1,-1
 1790 data0,0,127,255,254,0,0,-1,0,0,243,243,0,0,0,-1,-1
 1800 data0,0,48,224,0,48,224,0,0,-1
 1810 data0,0,0,0,0,0,0,0,0,-1,-1
 1820 data0,0,0,0,0,1,6,0,0,1,6,0,0,0,-1
 1830 data0,16,144,150,184,208,144,150,184,208,144,144,128,0,-1,-1
 1840 data0,14,27,49,32,255,32,255,32,48,0,0,0,-1
 1850 data0,4,6,131,129,255,129,255,129,195,102,60,0,-1
 1860 data0,0,0,0,0,192,0,192,0,0,0,0,0,-1
 1870 rem %
 1880 data0,28,62,34,34,62,28,0,1,3,6,12,24,48,96,0,-1
 1890 data0,3,6,12,24,48,96,192,128,28,62,34,34,62,28,0,-1,-1
 1900 rem &
 1910 data0,0,24,60,103,67,38,28,0,0,0,0,0,0,-1
 1920 data0,56,124,198,131,131,193,97,51,30,28,54,33,0,-1,-1
 1930 data0,0,48,224,0,0,-1,0,0,0,0,0,0,-1,-1
 1940 rem (
 1950 data0,31,63,64,128,0,-1,0,248,252,2,1,0,-1,-1
 1960 data0,128,64,63,31,0,-1,0,1,2,252,248,0,-1,-1
 1970 rem *
 1980 data0,0,0,12,6,3,1,31,1,3,6,12,0,0,0,-1
 1990 data0,128,128,152,176,224,192,252,192,224,176,152,128,128,0,-1,-1
 2000 rem eszet
 2010 data0,7,31,56,96,65,65,99,62,0,0,0,-1
 2020 data0,254,255,0,0,131,129,193,99,62,28,0,-1
 2030 data0,4,252,0,0,0,128,128,0,0,0,0,-1
 2040 data0,0,0,0,0,-1,0,0,3,3,0,-1,0,48,192,0,0,-1
 2050 data0,0,1,1,1,1,1,1,1,1,1,1,0,0,-1
 2060 data0,0,128,128,128,128,128,128,128,128,128,128,0,0,-1,-1
 2070 data0,0,0,0,0,0,-1,0,0,3,3,0,0,-1,-1
 2080 data0,0,0,0,0,0,3,12,48,192,0,0,-1
 2090 data0,0,3,12,48,192,0,0,0,0,0,0,-1,-1
 2100 rem null
 2110 data0,1,15,62,112,192,128,128,128,192,112,63,15,0,-1
 2120 data0,240,252,14,3,1,1,1,3,14,124,240,128,0,-1,-1
 2130 data0,2,6,12,24,48,127,255,0,0,0,-1
 2140 data0,0,0,0,1,3,255,255,3,1,0,-1,-1
 2150 rem 2
 2160 data0,16,32,96,192,192,192,192,227,127,62,0,0,-1
 2170 data0,2,7,15,27,51,99,195,131,3,2,4,0,-1,-1
 2180 data0,48,96,193,193,227,127,28,0,-1
 2190 data0,12,6,131,131,199,254,56,0,-1,-1
 2200 rem 4
 2210 data0,0,3,6,12,24,48,127,255,0,0,0,0,-1
 2220 data0,128,64,64,64,64,64,255,254,64,64,64,0,-1,-1
 2230 data0,0,255,255,99,99,97,96,96,192,0,-1
 2240 data0,4,2,3,3,3,135,254,120,0,0,-1,-1
 2250 rem 6
 2260 data0,0,7,31,57,97,193,128,128,0,0,-1
 2270 data0,248,254,199,131,131,131,199,126,60,0,-1,-1
 2280 data0,192,192,96,96,96,96,97,71,94,248,224,0,-1
 2290 data0,0,0,3,143,188,240,192,128,128,0,0,0,-1,-1
 2300 rem 8
 2310 data0,0,124,198,131,129,131,198,124,0,0,-1
 2320 data0,124,254,195,129,1,129,195,254,124,0,-1,-1
 2330 rem 9
 2340 data0,60,126,227,193,193,193,227,127,31,0,-1
 2350 data0,0,1,1,131,134,156,248,224,0,0,-1,-1
 2360 data0,0,1,1,0,0,-1,0,0,131,131,0,0,-1,-1
 2370 data0,0,0,0,0,0,-1,0,0,51,51,0,0,-1,0,48,192,0,0,0,-1
 2380 rem gross oe
 2390 data0,199,207,31,56,96,64,64,64,64,96,56,31,207,199,0,-1
 2400 data0,240,248,252,14,3,1,1,1,1,3,14,252,248,240,0,-1,-1
 2410 rem =
 2420 data0,3,3,3,3,3,3,3,3,3,3,0,-1
 2430 data0,48,48,48,48,48,48,48,48,48,48,0,-1,-1
 2440 rem gross ae
 2450 data0,0,0,224,192,3,31,127,252,224,124,31,3,192,224,0,0,0,-1
 2460 data0,2,1,7,127,254,252,152,12,12,12,152,252,126,7,1,2,0,-1,-1
 2470 data0,48,112,192,129,135,252,120,0,-1
 2480 data0,0,0,115,243,0,0,0,0,-1,-1
 2490 rem -
 2500 data0,1,1,1,1,1,1,1,1,1,1,0,-1
 2510 data0,128,128,128,128,128,128,128,128,128,128,0,-1,-1
 2520 rem gross a
 2530 data0,0,0,0,0,3,31,127,252,224,124,31,3,0,0,0,0,0,-1
 2540 data0,2,1,7,127,254,252,152,12,12,12,152,252,126,7,1,2,0,-1,-1
 2550 data0,128,255,255,255,131,131,131,131,131,131,68,124,56,0,-1
 2560 data0,1,255,255,255,1,1,1,1,1,1,130,254,124,0,-1,-1
 2570 data0,7,31,63,112,192,128,128,128,128,128,128,64,120,56,0,-1
 2580 data0,224,248,252,14,3,1,1,1,1,1,1,2,30,28,0,-1,-1
 2590 data0,128,255,255,255,128,128,128,128,128,64,112,63,61,15,0,-1
 2600 data0,1,255,255,255,1,1,1,1,1,2,14,252,248,240,0,-1,-1
 2610 data0,7,31,63,114,194,130,130,131,131,131,131,66,112,48,0,-1
 2620 data0,224,248,252,14,3,1,1,1,1,129,1,2,14,12,0,-1,-1
 2630 rem gross f
 2640 data0,128,255,255,255,97,97,193,193,193,193,193,193,97,96,0,-1
 2650 data0,0,255,255,255,0,0,0,0,128,128,192,128,0,0,0,-1
 2660 data4,8,248,240,192,0,0,0,0,0,0,0,0,0,0,0,-1
 2670 data0,7,15,63,112,192,128,128,128,128,194,99,99,3,2,0,-1
 2680 data0,248,252,254,7,3,1,1,2,4,8,255,255,255,0,0,-1
 2690 data0,0,0,0,0,0,0,0,0,4,8,248,240,192,0,0,-1
 2700 rem gross h
 2710 data0,96,192,128,240,255,127,15,1,1,1,1,1,1,15,127,240,128,192,0,-1
 2720 data0,2,1,3,15,254,252,240,128,128,128,128,128,128,240,254,15,1,3,0,-1,-1
 2730 data0,128,255,255,255,0,0,-1
 2740 data0,0,255,255,255,1,0,-1,-1
 2750 data0,128,192,255,255,255,0,-1
 2760 data0,0,0,255,255,255,0,-1
 2770 data0,4,8,248,240,192,0,-1
 2780 data0,128,255,255,255,3,3,6,4,12,56,240,224,0,0,0,-1
 2790 data0,1,255,255,255,0,192,240,124,30,3,1,1,1,6,0,-1,-1
 2800 data0,128,255,255,255,0,0,0,0,0,0,0,0,0,-1
 2810 data0,1,255,255,255,1,1,1,1,1,1,3,7,0,-1,-1
 2820 rem gross m
 2830 data0,0,0,0,0,1,31,127,252,56,14,3,0,0,0,3,14,56,240,127,15,0,0,0,0,0,0,-1
 2840 data0,3,1,7,63,254,248,192,,,,131,238,56,238,131,,,,,224,252,30,7,1,2,0,-1
 2850 data0,0,128,128,0,0,0,0,0,0,0,0,0,0,0,0,0,0,0,0,0,0,0,0,0,0,0,-1
 2860 data0,128,255,255,255,63,3,0,0,0,0,128,255,255,0,0,-1
 2870 data0,0,255,255,255,0,224,240,56,12,6,2,255,255,1,0,-1
 2880 data4,8,248,240,192,0,0,0,0,0,0,0,0,0,0,0,-1
 2890 rem gross o
 2900 data0,7,15,31,56,96,64,64,64,64,96,56,31,15,7,0,-1
 2910 data0,240,248,252,14,3,1,1,1,1,3,14,252,248,240,0,-1,-1
 2920 rem gross p
 2930 data0,128,255,255,127,97,192,128,128,128,192,97,63,30,0,-1
 2940 data0,0,255,255,255,129,192,64,64,64,192,128,0,0,0,-1,-1
 2950 rem gross q
 2960 data0,7,15,31,56,96,64,64,64,64,96,56,31,15,7,0,-1
 2970 data0,240,248,252,14,3,1,1,25,13,7,255,249,240,0,-1
 2980 data0,0,0,0,0,0,0,0,0,0,0,0,0,128,128,0,-1
 2990 data0,128,255,255,255,129,129,129,129,129,195,126,60,0,0,0,-1
 3000 data0,1,255,255,255,0,128,192,96,56,30,7,3,3,2,0,-1,-1
 3010 data0,30,63,127,199,131,131,131,131,131,131,131,195,113,48,0,-1
 3020 data0,28,30,3,129,129,129,129,129,129,131,199,254,252,248,0,-1,-1
 3030 data0,32,96,192,128,128,255,255,255,128,128,128,128,128,0,-1
 3040 data0,0,0,0,0,0,255,255,255,1,0,0,0,0,0,-1,-1
 3050 rem gross u
 3060 data0,64,127,127,127,0,0,0,0,0,0,127,127,0,0,0,-1
 3070 data0,0,252,254,255,7,3,3,3,6,12,254,255,3,1,0,-1,-1
 3080 data0,96,192,224,252,127,31,3,0,0,0,0,7,216,224,0,-1
 3090 data0,0,0,0,0,0,224,248,255,15,48,192,0,0,0,0,-1,-1
 3100 rem gross w
 3110 data0,96,192,240,126,63,15,1,,,,96,59,14,59,96,,,,,3,31,124,224,192,96,,-1
 3120 data0,0,0,0,0,192,252,255,31,14,56,224,128,0,128,224,56,14,7,127,248,128
 3130 data0,0,0,0,0,-1,-1
 3140 data0,32,64,192,240,252,63,15,3,4,8,16,224,192,0,0,-1
 3150 data0,7,11,16,32,64,128,192,240,252,62,15,3,1,6,0,-1,-1
 3160 data0,96,192,224,252,127,31,3,0,0,0,0,7,216,224,0,-1
 3170 data0,0,0,0,0,0,224,248,127,14,48,192,0,0,0,0,-1
 3180 data0,0,0,0,12,28,24,96,128,0,0,0,0,0,0,0,-1
 3190 data0,128,192,192,224,129,129,129,129,131,135,142,156,184,240,224,192,0,-1
 3200 data0,3,7,15,29,57,113,225,193,129,129,129,129,7,3,3,1,0,-1,-1
 3210 rem +
 3220 data0,0,0,0,0,15,15,0,0,0,0,0,-1
 3230 data0,192,192,192,192,252,252,192,192,192,192,0,-1,-1
 3240 rem gross ue
 3250 data0,64,127,127,127,0,0,224,0,224,0,127,127,0,0,0,-1
 3260 data0,0,252,254,255,7,3,3,3,6,12,254,255,3,1,0,-1,-1

