;listing 8 ==0801==
;Quelle: 64'er CD
   10 data76,24,1,177,251,145,251,200,208,249,230,252,202,208,244,96,120,160,0,169
   12 data160,132,251,133,252,162,32,32,11,1,169,224,132,251,133,252,162,32,32,11
   14 data1,169,53,133,1,88,96:fori=264to310:readx:pokei,x:next:sys264
   16 fori=710to730:readx:pokei,x:next
   18 data208,3,76,29,168,32,192,2,32,19,166,56,165,95,233,1,164,96,76,36,168
   20 poke40996,197:poke40997,2:poke1,54
   22 fori=43168to43170:readx:pokei,x:next
   24 fori=704to709:readx:pokei,x:next
   26 data32,192,2,32,138,173,76,247,183

