

;bigcopy datas.prg ==0801==
    5 rem -----block 1-----(7213)
   10 data120,165,1,41,0,133,1,169,32,133,6,169,224,133,4,169,0,133,5,133,3
   20 data162,32,160,0,177,3,133,9,177,5,145,3,165,9,145,5,200,208,241,230
   30 data4,230,6,202,208,234,165,1,9,55,133,1,88,96,169,1,141,11,17,169,63
   40 data141,10,17,169,0,141,12,17,174,12,17,32,59,14,173,16,17,157,32,17
   45 rem -----block 2-----(8794)
   50 data173,17,17,157,32,19,232,173,16,17,157,32,17,173,17,17,157,32,19,238
   60 data12,17,232,173,12,17,201,100,208,217,162,0,32,59,14,173,16,17,157
   70 data32,18,173,17,17,157,32,20,232,173,16,17,157,32,18,173,17,17,157,32
   80 data20,238,12,17,232,173,12,17,201,200,208,217,32,46,16,32,96,16,169
   90 data0,141,18,17,174,18,17,189,32,17,32,210,255,238,18,17,173,18,17,201
   95 rem -----block 3-----(10886)
  100 data200,208,237,169,0,141,18,17,174,18,17,189,32,18,32,210,255,238,18
  110 data17,173,18,17,201,200,208,237,169,13,32,210,255,169,9,32,210,255,32
  120 data96,16,169,0,141,18,17,174,18,17,189,32,19,32,210,255,238,18,17,173
  130 data18,17,201,200,208,237,169,0,141,18,17,174,18,17,189,32,20,32,210
  140 data255,238,18,17,173,18,17,201,200,208,237,169,13,32,210,255,169,9,32
  145 rem -----block 4-----(8796)
  150 data210,255,173,10,17,56,233,7,141,10,17,201,249,240,7,201,253,240,11
  160 data76,65,13,169,0,141,11,17,76,65,13,32,204,255,169,4,32,195,255,96
  170 data169,128,141,16,17,141,17,17,173,11,17,141,14,17,141,2,17,173,10,17
  180 data141,13,17,141,1,17,173,12,17,141,3,17,32,110,15,173,9,17,240,9,24
  190 data173,16,17,105,3,141,16,17,173,13,17,208,12,169,0,141,14,17,169,255
  195 rem -----block 5-----(6787)
  200 data141,13,17,208,3,206,13,17,173,13,17,141,1,17,173,14,17,141,2,17,173
  210 data12,17,141,3,17,32,110,15,173,9,17,240,9,24,173,16,17,105,12,141,16
  220 data17,206,13,17,173,13,17,141,1,17,173,14,17,141,2,17,173,12,17,141
  230 data3,17,32,110,15,173,9,17,240,9,24,173,16,17,105,48,141,16,17,206,13
  240 data17,173,13,17,141,1,17,173,14,17,141,2,17,173,12,17,141,3,17,32,110
  245 rem -----block 6-----(7229)
  250 data15,173,9,17,240,12,24,173,16,17,105,64,141,16,17,238,17,17,206,13
  260 data17,208,7,169,128,141,17,17,208,111,173,13,17,141,1,17,173,14,17,141
  270 data2,17,173,12,17,141,3,17,32,110,15,173,9,17,240,9,24,173,17,17,105
  280 data6,141,17,17,206,13,17,173,13,17,141,1,17,173,14,17,141,2,17,173,12
  290 data17,141,3,17,32,110,15,173,9,17,240,9,24,173,17,17,105,24,141,17,17
  295 rem -----block 7-----(7422)
  300 data206,13,17,173,13,17,141,1,17,173,14,17,141,2,17,173,12,17,141,3,17
  310 data32,110,15,173,9,17,240,9,24,173,17,17,105,96,141,17,17,96,173,1,17
  320 data141,0,17,173,3,17,141,4,17,173,1,17,41,248,141,1,17,173,2,17,41,1
  330 data141,2,17,173,4,17,41,248,141,4,17,173,3,17,41,7,141,3,17,169,0,141
  340 data5,17,173,4,17,141,6,17,160,4,24,109,6,17,144,3,238,5,17,136,208,244
  345 rem -----block 8-----(7523)
  350 data141,4,17,160,3,24,46,4,17,46,5,17,136,208,246,173,3,17,24,109,4,17
  360 data144,3,238,5,17,24,109,1,17,144,3,238,5,17,24,133,2,173,5,17,109,2
  370 data17,105,32,133,3,173,0,17,41,7,141,0,17,169,7,56,237,0,17,141,0,17
  380 data208,10,169,1,141,7,17,173,0,17,240,14,169,1,141,7,17,24,14,7,17,206
  390 data0,17,208,248,24,160,0,177,2,141,8,17,13,7,17,56,237,8,17,208,8,169
  395 rem -----block 9-----(10566)
  400 data1,141,9,17,76,45,16,169,0,141,9,17,96,169,4,162,4,160,0,32,186,255
  410 data169,0,32,189,255,32,192,255,169,6,162,4,160,6,32,186,255,162,6,32
  420 data201,255,169,16,32,210,255,32,204,255,169,6,32,195,255,162,4,32,201
  430 data255,96,169,8,32,210,255,169,27,32,210,255,169,16,32,210,255,169,0
  440 data32,210,255,169,40,32,210,255,96
  450 s=0:fort=1to82:reada:s=s+a:poke49152+t,a:next:if s<>7213then f=1:goto1000
  460 s=0:fort=83to180:reada:s=s+a:poke49152+t,a:next:ifs<>8794then f=2:goto1000
  470 s=0:fort=181to276:reada:s=s+a:poke49152+t,a:next:ifs<>10886thenf=3:goto1000
  480 s=0:fort=277to376:reada:s=s+a:poke49152+t,a:next:ifs<>8796thenf=4:goto1000
  490 s=0:fort=377to480:reada:s=s+a:poke49152+t,a:next:ifs<>6787thenf=5:goto1000
  500 s=0:fort=481to583:reada:s=s+a:poke49152+t,a:next:ifs<>7229thenf=6:goto1000
  510 s=0:fort=584to691:reada:s=s+a:poke49152+t,a:next:ifs<>7422thenf=7:goto1000
  520 s=0:fort=692to801:reada:s=s+a:poke49152+t,a:next:ifs<>7523thenf=8:goto1000
  530 s=0:fort=802to890:reada:s=s+a:poke49152+t,a:next:ifs<>10566thenf=9:goto1000
  540 print"alles okay !!!":end
 1000 print"fehler im block";f

