;grafik ghost m. ==1001==
;Quelle: "1984-06.d64", zur Verfügung gestellt von von BJ64
;        https://www.forum64.de/index.php?thread/145873-64er-magazin-monatlich-online/&postID=2127851#post2127851
    1 rem ghost manor
    2 rem by frank backes
    3 rem graphik
   10 poke56,26:fori=7168to7679:pokei,0:next
   20 fori=7168to7168+287:ready:pokei,y:next
   25 fori=7456to7456+34:ready:pokei,y:next:fori=7491to7491+15:ready:pokei,y:next
   30 data66,126,66,126,66,126,66,126,0,56,120,56,16,62,58,250,56,56,120,120,72,78,194,0
   31 data56,56,56,40,62,10,8,24,0,28,30,28,8,124,92,95,28,28,28,30,18,114,67,0,28,28,28,20
   32 data124,72,16,24,0,56,56,56,16,254,186,186,186,56,56,56,40,40,8,8,184,56,56,56,40,40
   33 data32,32,73,223,255,255,255,255,255,255,255,255,255,255,255,235,194,130,254,248,255
   34 data254,252,255,254,255,127,255,63,127,63,255,127,63,255,255,126,122,56,56,48,16,129
   35 data66,36,24,60,90,129,66,0,66,165,24,60,90,129,129,238,238,0,187,187,187,0,238,60
   36 data126,195,255,129,255,102,60,60,118,215,213,213,215,118,60,255,221,136,221,255,221
   37 data136,221,0,12,28,62,62,126,56,0,48,51,63,254,252,124,56,56,12,204,253,127,63,62
   38 data28,28,7,5,7,72,240,224,64,0,110,46,0,27,11,11,0,110,118,116,0,216,208,208,0,118
   39 data219,219,0,221,221,221,0,119,238,110,0,29,13,5,0,1,60,126,126,60,0,0,0,0,255,58
   40 data40,8,0,0,0,0,255,119,85,68,4,0,0,0,0,0,0,0,0,0,0,0,24,24,24,255,129,255,24,24
   41 data24,24,24,24,24,60,102,195,255,255,255,255,255,255,255,255
   42 data169,127,141,34,145,173,32,145,41,128,133,251,169,255,141,34,145,173,31,145,41,28
   43 data24,101,251,133,251,173,31,145,41,32,133,252,96
   44 data225,225,223,223,228,228,225,225,223,223,215,215,219,219,209,209

