;maschine g.manor ==1001==
;Quelle: "1984-06.d64", zur Verfügung gestellt von von BJ64
;        https://www.forum64.de/index.php?thread/145873-64er-magazin-monatlich-online/&postID=2127851#post2127851
    1 rem ghost manor
    2 rem maschinenu.p.
    3 rem by frank backes
   10 fori=6700to7110:ready:pokei,y:next
   20 data160,16,185,206,31,201,15,240,15,201,16,240,26,136,192,1,240,3,24,144,237,24,144
   21 data30,169,32,153,206,31,169,16,200,153,206,31,136,24,144,230,169,32,153,206,31,169
   22 data15,200,153,206,31,136,24,144,215,173,223,31,201,15,240,3,24,144,10,169,32,141
   23 data223,31,169,16,141,208,31
   24 data160,2,185,118,31,201,18,240,15,201,19,240,26,200,192,17,240,3,24,144,237,24,144
   25 data30,169,32,153,118,31,169,19,136,153,118,31,200,24,144,230,169,32,153,118,31,169
   26 data18,136,153,118,31,200,24,144,215,173,119,31,201,18,240,3,24,144,10,169,32,141
   27 data119,31,169,19,141,134,31
   28 data160,132,185,154,30,201,21,240,8,136,192,0,240,26,24,144,241,169,32,153,154,30
   29 data152,24,105,22,168,169,21,153,154,30,152,24,233,22,168,24,144,225,160,13,185,30,31
   30 data201,21,240,8,200,192,22,240,16,24,144,241,169,32,153,30,31,169,21,153,154,30,24
   31 data144,235
   32 data160,13,185,110,30,201,23,240,8,200,192,19,240,18,24,144,241,169,32,153,110,30
   33 data169,23,136,153,110,30,200,24,144,233,160,17,185,110,30,201,22,240,8,136,192,11
   34 data240,18,24,144,241,169,32,153,110,30,169,22,200,153,110,30,136,24,144,233
   35 data173,122,30,201,23,240,10,173,128,30,201,22,240,16,24,144,23,169,32,141,122,30
   36 data169,22,141,122,30,24,144,10,169,32,141,128,30,169,23,141,128,30
   37 data173,223,30,201,30,240,10,173,229,30,201,31,240,16,24,144,18,169,31,141,223,30
   38 data169,31,141,223,30,24,144,5,169,30,141,229,30,160,8,185,220,30,201,31,240,8,136
   39 data192,2,240,18,24,144,241,169,32,153,220,30,200,169,31,153,220,30,136,24,144,21
   40 data160,4,185,220,30,201,30,240,8,200,192,11,240,7,24,144,241
   41 data136,153,220,30,96

