;autostart.prg ==1001==
;Eingetippt von Endurion

    0 poke36879,8:print"{clr}{cyn} autostart":print"{down}copyright 1983":print"{down}by d.rother"
    1 print"{down}{down}programm wird geladen (ab7168)............."
    2 poke56,28:poke55,0:clr
    3 fori=7168to7617:reada:pokei,a:su=su+a:next:ifsu<>40847thenprint"tippfehler":end
    4 print"{down}bitte {rvon} space {rvof} druecken":wait198,1:print"{clr}maschinenprogramm wird gespeichert{down}{down}"
    5 poke56,30:poke44,28:poke43,0:poke46,29:poke45,200:save"autostart gem.",1,1
    6 poke43,1:poke44,16:poke45,172:poke46,23:end
   22 data169,8,141,15,144,169,3,141,134,2,32,95,229,162,20,169,32,157,236,28,202,208
   24 data250,169,168,160,28,32,30,203,162,0,169,0,133,198,165,198,240,252,173,119
   26 data2,201,13,240,13,157,236,28,41,63,157,132,30,232,224,20,144,228,165,43,141
   28 data131,29,165,44,141,132,29,165,45,141,133,29,165,46,141,134,29,173,2,3,72,173
   30 data3,3,72,169,3,133,44,133,46,141,3,3,169,1,133,43,169,4,133,45,169,85,141,2
   32 data3,169,191,162,236,160,28,32,189,255,169,1,170,168,32,186,255,32,86,225,173
   34 data131,29,133,43,133,193,173,132,29,133,44,133,194,173,133,29,133,45,133,174
   36 data173,134,29,133,46,133,175,104,141,3,3,104,141,2,3,76,21,247,65,85,84,79,83
   38 data84,65,82,84,13,32,40,67,41,49,57,56,52,13,68,46,32,82,79,84,72,69,82,13,13
   40 data80,82,79,71,82,65,77,77,78,65,77,69,58,13,13,45,45,45,45,45,45,45,45,45,45
   42 data45,45,45,45,45,45,45,45,45,45,13,13,0,80,71,77,45,83,67,72,85,84,90,32,73
   44 data32,32,32,32,32,32,32,32,32,91,228,32,82,253,169,0,141,34,145,173,216,3,133
   46 data193,133,43,173,217,3,133,194,133,44,173,218,3,133,174,133,45,173,219,3,133
   48 data175,133,46,32,61,246,169,3,141,25,3,141,41,3,169,161,141,24,3,169,156,141
   50 data40,3,169,255,141,34,145,32,89,198,76,174,199,169,0,201,254,96,169,0,141,34
   52 data145,32,95,229,169,8,141,15,144,169,1,141,134,2,169,189,160,3,32,30,203,76
   54 data166,3,65,85,84,79,83,84,65,82,84,13,32,32,32,73,83,84,13,71,69,83,73,67,72
   56 data69,82,84,0,1,16,171,17,32,32,32,32,32,32,32,32,32,32,32,32,32,32,32,32,32
   58 data32,32,32,32,32,32,32,32,32,32,32,32,0,0,1,255,255,255,255,255,128,0,0,0,0
   60 data255,255,255,255,32,32,32,32,32,32,32,32,32,32,32,0,0
   62 data2,3,72,173,3

