

;printat_restoren ==0801==
    1 rem **********************
    2 rem *   print at-ersatz  *
    3 rem *      (c) 1983      *
    4 rem * by juergen reinert *
    5 rem **********************
    6 :
    7 :
   10 poke56,peek(56)-1:clr
   20 es=peek(55)+256*peek(56)+2
   30 hb=int((es+11)/256)
   40 lb=es+11-hb*256
   50 fori=0to145:reada:pokei+es,a
   60 s=s+a:next
   70 ifs<>17442thenprint"{down}data error{down}":end
   80 print"{down}ok.{down}"
   90 pokees+1,lb:pokees+6,hb:syses:end
  100 fori=0to145:reada:next
  110 data169,11,141,8,3,169,8
  120 data141,9,3,96,169,199,72
  130 data169,173,72,32,115,0,240
  140 data244,201,140,240,8,201
  150 data64,240,38,208,76,234
  160 data234,32,115,0,240,26,201
  170 data58,240,22,32,138,205
  180 data32,247,215,32,19,198
  190 data56,165,95,233,1,164
  200 data96,176,1,136,76,39,200
  210 data76,29,200,32,115,0,32
  220 data158,215,224,22,176,24
  230 data138,72,32,253,206,32
  240 data158,215,104,224,23,176
  250 data11,168,24,32,240,255
  260 data32,121,0,76,160,202,76
  270 data72,210,234,234,234,201
  280 data92,240,4,56,76,237,199
  290 data32,115,0,32,235,215,224
  300 data23,176,232,164,20,192
  310 data23,176,226,32,141,234
  320 data202,228,20,16,248,76
  330 data121,0,0,0,0

