

;userportdisplay ==0801==
   10 rem ******************************
   15 rem ***   userport-display     ***
   20 rem ***                        ***
   30 rem *** (c) by jan legenhausen ***
   40 rem ***                        ***
   42 rem ***       nocken 11        ***
   44 rem ***                        ***
   46 rem ***    56 wuppertal 11     ***
   48 rem ***                        ***
   50 rem ***     fuer den c-64      ***
   55 rem ******************************
   60 rem *** start mit sys (49309)  ***
   70 rem ******************************
  100 data 169, 48, 157, 30, 4, 169, 0, 157, 30, 216, 173, 1
  110 data 221, 234, 96, 169, 192, 141, 1, 192, 173, 1, 221, 162
  120 data 0, 160, 46, 140, 0, 192, 41, 128, 208, 98, 32, 9
  130 data 192, 232, 160, 59, 140, 0, 192, 41, 64, 208, 85, 32
  140 data 9, 192, 232, 160, 72, 140, 0, 192, 41, 32, 208, 72
  150 data 32, 9, 192, 232, 160, 85, 140, 0, 192, 41, 16, 208
  160 data 59, 32, 9, 192, 232, 160, 98, 140, 0, 192, 41, 8
  170 data 208, 46, 32, 9, 192, 232, 160, 111, 140, 0, 192, 41
  180 data 4, 208, 33, 32, 9, 192, 232, 160, 124, 140, 0, 192
  190 data 41, 2, 208, 20, 32, 9, 192, 232, 160, 137, 140, 0
  200 data 192, 41, 1, 208, 7, 32, 9, 192
  210 data 76, 49, 234, 234, 169, 49, 157, 30, 4, 169, 0, 157, 30, 216, 173, 1
  220 data 221, 108, 0, 192, 169, 24, 141, 20, 3, 169, 192, 141
  230 data 21, 3, 96
 2000 fors=49161to49152+167:reada:zz=zz+a:pokes,a:next
 2100 ifzz<>17028thenprint"fehler in data-zeilen !":stop
 2110 sys49309

